"Friday October 17, 2014","<span id=""yfs_j10_mmm"">88.95B</span>",91.47B,19.34,16.80,1.50,2.78,5.04,2.91,11.02,Dec 31,"Jun 30, 2014",15.29%,21.91%,12.65%,26.93%,31.45B,47.26,4.90%,14.76B,8.30B,4.81B,7.10,5.80%,3.01B,4.64,6.98B,39.08,1.87,26.78,5.88B,3.97B,1.10,9.94%,6.78%,147.87,122.40,141.84,141.63,"2,527,060","4,366,810",647.97M,644.50M,0.07%,70.70%,8.31M,3.40,1.40%,7.62M,3.42,2.50%,3.20,2.40%,2.40%,42.00%,"Sep 12, 2014","Aug 20, 2014",2:1,"Sep 30, 2003"
"Friday October 17, 2014"
"Friday October 17, 2014","<span id=""yfs_j10_abt"">61.20B</span>",60.44B,26.48,16.57,1.47,2.76,2.55,2.77,13.41,Dec 31,"Jun 30, 2014",10.98%,13.05%,4.22%,9.37%,21.82B,14.20,1.90%,11.81B,4.51B,2.15B,1.54,-2.10%,7.06B,4.70,7.36B,31.07,1.85,15.70,3.38B,1.24B,0.86,7.24%,6.78%,44.20,35.65,42.19,40.82,"4,782,070","6,395,460",1.50B,1.50B,0.16%,67.00%,11.20M,2.40,0.70%,10.94M,0.88,2.10%,0.88,2.20%,5.80%,47.00%,"Nov 15, 2014","Oct 10, 2014",2:1,"Jun 1, 1998"
"Friday October 17, 2014","<span id=""yfs_j10_acn"">48.40B</span>",43.17B,16.97,14.58,1.43,1.60,8.39,1.44,8.80,Aug 31,"Aug 31, 2014",9.80%,14.27%,15.38%,54.23%,30.00B,47.31,9.70%,9.38B,4.90B,2.94B,4.52,4.50%,4.92B,7.80,26.73M,0.43,1.46,9.08,3.49B,2.86B,1.42,4.49%,6.78%,85.88,72.31,79.79,80.05,"2,789,220","4,354,510",631.25M,628.38M,0.29%,82.30%,17.18M,5.30,2.70%,18.08M,2.04,2.70%,1.95,2.60%,2.10%,44.00%,"Nov 17, 2014","Oct 15, 2014",N/A,N/A
"Friday October 17, 2014","<span id=""yfs_j10_ace"">35.09B</span>",39.51B,10.46,11.24,2.14,1.77,1.14,2.03,9.50,Dec 31,"Jun 30, 2014",17.56%,20.75%,2.65%,11.90%,19.51B,57.46,2.90%,6.74B,4.16B,3.43B,9.99,-12.60%,2.70B,8.05,7.66B,25.25,0.39,90.19,4.31B,3.14B,1.17,6.14%,6.78%,108.62,92.00,105.52,103.43,"1,327,080","1,628,940",335.70M,332.99M,0.51%,92.90%,4.79M,4.50,1.40%,6.04M,2.60,2.50%,2.56,2.50%,2.20%,23.00%,"Oct 21, 2014","Sep 26, 2014",3:1,"Mar 3, 1998"
"Friday October 17, 2014","<span id=""yfs_j10_aet"">26.81B</span>",31.18B,13.22,10.55,1.10,0.48,1.77,0.57,6.66,Dec 31,"Jun 30, 2014",3.84%,7.41%,4.93%,14.90%,54.72B,150.34,25.80%,12.15B,4.69B,2.10B,5.72,2.40%,3.93B,11.10,9.08B,61.55,0.77,41.44,3.79B,3.48B,0.75,15.77%,6.78%,85.72,60.32,81.08,78.45,"2,429,460","3,549,300",354.60M,352.53M,0.33%,84.70%,6.18M,3.30,1.90%,5.91M,0.90,1.20%,0.90,1.20%,0.90%,15.00%,"Oct 31, 2014","Oct 14, 2014",2:1,"Feb 21, 2006"
"Friday October 17, 2014","<span id=""yfs_j10_afl"">25.61B</span>",31.02B,N/A,8.95,2.71,1.10,1.44,1.35,6.62,Dec 31,"Jun 30, 2014",12.68%,20.04%,2.36%,18.68%,23.03B,50.23,-2.10%,8.60B,4.68B,2.92B,N/A,-8.90%,2.26B,5.00,7.97B,45.42,0.23,38.76,7.98B,2.85B,N/A,-15.08%,6.78%,67.62,54.99,58.71,61.23,"2,200,740","2,807,800",453.04M,444.29M,3.02%,64.90%,3.76M,1.60,0.90%,3.77M,N/A,N/A,1.48,2.70%,2.50%,23.00%,"Sep 2, 2014","Aug 18, 2014",2:1,"Mar 19, 2001"
"Friday October 17, 2014","<span id=""yfs_j10_ai"">510.04M</span>",449.28M,6.65,5.44,0.58,7.35,0.81,6.53,N/A,Dec 31,"Jun 30, 2014",100.19%,74.68%,2.34%,11.86%,68.83M,3.94,265.00%,78.49M,N/A,68.96M,3.89,489.80%,2.84B,144.25,2.79B,447.57,1.07,31.58,54.32M,N/A,0.64,3.22%,6.78%,28.66,24.30,26.68,26.80,"342,240","458,575",19.71M,18.97M,2.27%,34.00%,2.75M,5.10,14.70%,2.87M,3.50,13.60%,3.50,13.60%,34.90%,88.00%,"Oct 31, 2014","Sep 25, 2014",1:20,"Oct 7, 2009"
"Friday October 17, 2014","<span id=""yfs_j10_apd"">27.34B</span>",33.03B,26.85,20.21,2.28,2.63,3.53,3.19,13.08,Sep 30,"Jun 30, 2014",9.90%,15.37%,5.55%,14.04%,10.35B,48.81,3.40%,2.71B,2.53B,1.03B,4.78,8.90%,337.60M,1.59,6.16B,75.16,1.06,36.13,2.09B,340.42M,1.37,15.90%,6.78%,137.45,102.73,129.84,126.24,"1,780,910","2,703,450",213.02M,191.63M,0.13%,85.80%,2.27M,1.00,1.10%,3.65M,3.08,2.50%,3.02,2.40%,2.70%,62.00%,"Nov 10, 2014","Sep 29, 2014",2:1,"Jun 16, 1998"
"Friday October 17, 2014","<span id=""yfs_j10_agn"">52.02B</span>",51.34B,41.18,20.86,1.52,7.84,7.79,7.61,22.82,Dec 31,"Jun 30, 2014",19.08%,30.63%,12.50%,21.09%,6.74B,22.69,16.70%,5.50B,2.25B,1.32B,4.25,15.90%,3.72B,12.50,2.15B,31.68,4.06,22.86,1.73B,1.49B,0.67,96.16%,6.78%,192.98,88.34,173.96,162.59,"2,278,980","3,781,250",297.18M,267.50M,0.17%,91.70%,3.89M,2.30,1.30%,3.62M,0.20,0.10%,0.20,0.10%,0.20%,5.00%,"Sep 5, 2014","Aug 13, 2014",2:1,"Jun 25, 2007"
"Friday October 17, 2014","<span id=""yfs_j10_alv"">8.57B</span>",8.15B,20.03,13.33,1.80,0.92,2.15,0.89,7.66,Dec 31,"Jun 30, 2014",4.77%,8.38%,6.37%,11.20%,9.15B,96.82,8.40%,1.70B,1.06B,436.70M,4.61,-40.30%,2.06B,22.19,1.78B,45.01,1.98,42.32,776.30M,370.38M,1.45,-2.54%,6.78%,108.15,85.35,96.85,101.88,"563,980","709,888",92.84M,92.72M,9.65%,26.40%,5.08M,8.40,5.40%,3.94M,2.16,2.40%,2.08,2.30%,2.40%,44.00%,"Dec 4, 2014","Nov 17, 2014",N/A,N/A
"Friday October 17, 2014","<span id=""yfs_j10_mo"">89.71B</span>",102.24B,20.94,16.40,2.30,5.04,20.35,5.76,11.86,Dec 31,"Jun 30, 2014",24.35%,47.41%,15.53%,107.68%,17.74B,8.92,1.00%,10.46B,8.62B,4.31B,2.16,-0.30%,1.19B,0.60,13.99B,316.08,1.24,2.22,4.69B,5.32B,0.52,25.96%,6.78%,47.41,33.80,44.88,41.90,"6,397,370","8,831,280",1.98B,1.97B,0.19%,59.80%,16.92M,2.50,0.90%,18.61M,2.08,4.50%,1.96,4.30%,5.80%,88.00%,"Oct 10, 2014","Sep 11, 2014",3:1,"Apr 11, 1997"
"Friday October 17, 2014"
"Friday October 17, 2014","<span id=""yfs_j10_aep"">26.57B</span>",45.73B,15.33,15.34,3.24,1.58,1.59,2.75,8.48,Dec 31,"Jun 30, 2014",10.39%,20.63%,3.81%,10.79%,16.64B,34.13,12.90%,8.62B,5.39B,1.73B,3.55,15.40%,295.00M,0.60,19.61B,118.22,0.57,33.94,4.79B,327.60M,0.43,20.35%,6.78%,55.94,44.38,53.15,52.86,"2,401,500","3,295,520",488.67M,487.54M,0.07%,64.10%,7.41M,3.70,1.50%,7.05M,2.00,3.70%,2.00,3.70%,4.60%,56.00%,"Sep 10, 2014","Aug 6, 2014",N/A,N/A
"Friday October 17, 2014","<span id=""yfs_j10_axp"">87.73B</span>",124.25B,15.95,13.86,1.48,2.68,4.18,3.94,N/A,Dec 31,"Jun 30, 2014",17.86%,24.96%,3.70%,28.72%,31.55B,29.68,5.70%,N/A,N/A,5.59B,5.23,8.80%,18.61B,17.69,58.45B,289.15,2.18,19.21,3.20B,N/A,1.25,-0.35%,6.78%,96.24,78.41,87.32,89.62,"4,219,620","5,914,520",1.05B,896.14M,0.17%,84.90%,5.60M,1.40,0.60%,6.04M,1.04,1.30%,0.98,1.20%,1.50%,18.00%,"Nov 10, 2014","Oct 1, 2014",16:49,"Oct 3, 2005"
"Friday October 17, 2014","<span id=""yfs_j10_aig"">72.10B</span>",86.19B,8.43,10.13,1.06,1.10,0.65,1.34,6.25,Dec 31,"Jun 30, 2014",13.73%,14.36%,1.08%,8.49%,64.33B,44.02,-12.60%,24.85B,13.80B,8.85B,5.99,12.50%,22.72B,15.92,38.41B,35.38,0.60,75.71,5.83B,36.41B,1.28,-5.54%,6.78%,56.56,46.80,53.82,53.54,"8,483,230","14,626,100",1.43B,1.43B,0.03%,85.60%,20.05M,2.80,1.40%,16.12M,0.50,1.00%,0.48,0.10%,28.10%,8.00%,"Sep 25, 2014","Sep 9, 2014",1:20,"Jul 1, 2009"
"Friday October 17, 2014","<span id=""yfs_j10_amgn"">100.85B</span>",106.23B,20.33,14.87,1.67,5.09,4.06,5.46,13.06,Dec 31,"Jun 30, 2014",25.74%,32.78%,6.53%,22.27%,19.46B,25.74,10.70%,15.33B,8.13B,5.01B,6.53,23.00%,26.19B,34.48,33.33B,136.69,4.36,32.11,7.01B,4.86B,0.33,13.51%,6.78%,144.46,108.20,138.42,124.31,"3,418,800","4,751,320",759.61M,758.43M,5.06%,77.90%,10.98M,3.70,1.60%,12.17M,2.44,1.80%,2.30,1.80%,N/A,33.00%,"Sep 5, 2014","Aug 12, 2014",2:1,"Nov 22, 1999"
"Friday October 17, 2014","<span id=""yfs_j10_apc"">45.10B</span>",54.24B,N/A,17.39,1.59,2.76,2.34,3.30,6.18,Dec 31,"Jun 30, 2014",-18.44%,20.11%,3.63%,-12.75%,16.43B,32.60,27.50%,11.60B,8.77B,-3.03B,-6.01,-75.60%,5.36B,10.60,14.24B,67.27,0.84,38.21,8.07B,3.99B,1.47,-8.06%,6.78%,113.51,73.60,101.73,103.64,"4,933,340","11,215,400",505.96M,504.37M,0.31%,87.50%,6.62M,1.70,1.30%,7.51M,1.08,1.30%,0.90,1.00%,0.60%,N/A,"Sep 24, 2014","Sep 8, 2014",2:1,"May 30, 2006"
"Friday October 17, 2014","<span id=""yfs_j10_aal"">23.91B</span>",31.01B,N/A,4.80,0.13,0.67,5.81,0.87,6.50,Dec 31,"Jun 30, 2014",-1.04%,9.95%,6.22%,N/A,35.55B,89.00,76.10%,15.72B,4.77B,-369.00M,-0.92,292.70%,9.46B,13.14,16.73B,409.40,0.99,5.67,1.44B,1.06B,3.85,55.96%,6.78%,44.88,20.82,35.84,38.62,"12,112,700","26,753,800",720.10M,711.30M,N/A,N/A,16.76M,1.80,2.30%,14.21M,0.40,1.30%,0.10,0.30%,N/A,N/A,"Aug 18, 2014","Jul 31, 2014",N/A,N/A
"Friday October 17, 2014","<span id=""yfs_j10_ams"">11.38M</span>",35.20M,N/A,N/A,N/A,0.72,0.55,2.23,4.31,Dec 31,"Jun 30, 2014",-7.85%,9.96%,1.41%,-5.43%,15.78M,3.38,-26.30%,6.94M,8.16M,-1.24M,-0.27,N/A,9.94M,1.89,33.78M,135.02,0.87,3.93,6.88M,6.04M,0.16,-10.37%,6.78%,3.42,1.98,2.17,2.56,"10,425","2,950",5.26M,3.28M,32.62%,8.30%,3.52K,0.30,0.10%,4.09K,N/A,N/A,N/A,N/A,N/A,N/A,N/A,"Jun 28, 2007",N/A,N/A
"Friday October 17, 2014"
"Friday October 17, 2014"
"Friday October 17, 2014"
"Friday October 17, 2014","<span id=""yfs_j10_apa"">28.24B</span>",37.26B,24.06,12.06,-10.19,1.81,0.85,2.40,3.47,Dec 31,"Jun 30, 2014",7.88%,33.52%,5.22%,5.73%,15.50B,39.35,-8.90%,13.05B,10.72B,1.67B,3.07,-51.20%,524.00M,1.37,9.68B,27.73,1.12,85.67,9.09B,-2.60B,1.48,-19.76%,6.78%,104.57,69.28,91.88,93.62,"3,060,710","5,112,590",382.47M,380.40M,0.43%,84.40%,6.64M,2.90,1.70%,7.28M,1.00,1.30%,0.90,1.20%,0.70%,28.00%,"Nov 21, 2014","Oct 20, 2014",2:1,"Jan 15, 2004"
"Friday October 17, 2014","<span id=""yfs_j10_mt"">20.69B</span>",37.98B,N/A,10.12,0.47,0.25,0.42,0.48,4.93,Dec 31,"Jun 30, 2014",-1.97%,4.12%,1.85%,-2.95%,79.98B,44.66,2.50%,4.19B,7.71B,-1.63B,-0.91,N/A,4.21B,2.55,21.83B,41.81,1.34,29.58,3.32B,1.71B,2.02,-22.77%,6.78%,17.92,11.88,13.80,14.92,"5,932,140","10,288,200",1.65B,998.40M,N/A,N/A,35.86M,6.20,N/A,31.33M,0.17,1.40%,N/A,N/A,2.30%,N/A,"Jul 15, 2014","May 12, 2014",N/A,N/A
"Friday October 17, 2014","<span id=""yfs_j10_g"">3.43B</span>",3.88B,17.01,13.42,1.24,1.57,2.84,1.78,10.19,Dec 31,"Jun 30, 2014",10.02%,14.00%,7.09%,18.41%,2.18B,9.59,5.00%,812.43M,380.59M,218.70M,0.93,-23.30%,376.80M,1.74,835.29M,69.27,1.78,5.57,296.99M,183.48M,1.00,-20.15%,6.78%,20.36,13.68,16.78,17.21,"531,214","487,662",216.33M,157.84M,0.32%,57.20%,439.68K,0.90,0.40%,318.78K,N/A,N/A,N/A,N/A,N/A,N/A,"Sep 24, 2012","Sep 6, 2012",N/A,N/A
"Friday October 17, 2014"
"Friday October 17, 2014","<span id=""yfs_j10_azn"">85.23B</span>",89.63B,42.10,16.44,21.93,3.29,3.87,3.45,10.35,Dec 31,"Jun 30, 2014",7.79%,24.44%,7.05%,8.93%,25.96B,20.65,3.60%,20.45B,8.66B,2.02B,1.60,-3.30%,5.78B,4.57,10.07B,45.68,0.99,17.44,6.86B,3.69B,0.88,32.16%,6.78%,82.68,51.01,72.04,72.38,"2,433,270","3,118,090",1.26B,1.23B,N/A,N/A,2.53M,1.40,N/A,2.68M,1.80,2.60%,2.80,4.10%,3.20%,175.00%,"Sep 15, 2014","Aug 13, 2014",3:1,"Apr 8, 1998"
"Friday October 17, 2014","<span id=""yfs_j10_t"">176.48B</span>",247.71B,9.99,12.67,2.92,1.34,1.90,1.90,5.31,Dec 31,"Jun 30, 2014",13.75%,23.26%,6.70%,20.40%,130.37B,24.83,1.60%,77.29B,46.64B,17.93B,3.41,-7.20%,11.30B,2.18,84.56B,91.29,0.76,17.75,33.95B,12.61B,0.21,-2.80%,6.78%,37.48,31.74,34.88,35.28,"20,956,800","27,643,600",5.19B,5.18B,0.04%,62.10%,213.26M,13.00,4.10%,210.91M,1.84,5.40%,1.84,5.50%,5.50%,54.00%,"Nov 3, 2014","Oct 8, 2014",2:1,"Mar 20, 1998"
"Friday October 17, 2014"
"Friday October 17, 2014"
"Friday October 17, 2014","<span id=""yfs_j10_adp"">34.91B</span>",34.82B,23.14,22.05,2.37,2.82,5.16,2.85,13.61,Jun 30,"Jun 30, 2014",12.42%,18.21%,4.32%,23.37%,12.21B,25.49,9.70%,4.99B,2.56B,1.50B,3.14,27.20%,1.82B,3.78,2.18B,32.75,1.08,13.89,1.82B,-788.72M,0.85,9.97%,6.78%,75.04,63.13,73.15,70.46,"1,619,670","2,186,220",480.91M,480.14M,0.18%,79.40%,4.12M,2.90,0.90%,4.62M,1.92,2.60%,1.69,2.40%,3.20%,60.00%,"Oct 1, 2014","Sep 10, 2014",16:73,"Apr 2, 2007"
"Friday October 17, 2014","<span id=""yfs_j10_cs"">40.90B</span>",-103.25B,"1,345.26",8.67,1.51,1.54,0.94,-3.95,N/A,Dec 31,"Jun 30, 2014",0.55%,15.48%,0.09%,1.79%,26.12B,16.21,-6.60%,N/A,N/A,-130.82M,0.02,N/A,475.98B,297.49,332.45B,N/A,N/A,26.78,-11.47B,N/A,1.64,-24.36%,6.78%,33.98,24.82,27.34,29.06,"1,103,090","2,426,520",1.60B,1.42B,N/A,N/A,2.72M,3.00,N/A,2.60M,0.79,3.00%,0.79,3.10%,2.60%,N/A,"May 23, 2014","May 13, 2014",N/A,N/A
"Friday October 17, 2014","<span id=""yfs_j10_bhi"">23.27B</span>",26.02B,18.58,10.15,0.37,0.97,1.25,1.12,6.37,Dec 31,"Jun 30, 2014",5.45%,10.00%,5.24%,7.16%,23.31B,52.92,8.20%,3.81B,4.08B,1.27B,2.88,47.10%,1.16B,2.67,4.56B,24.97,2.51,41.46,2.78B,1.19B,1.38,-6.37%,6.78%,75.64,47.51,64.18,68.66,"4,000,340","8,508,150",435.04M,433.79M,0.29%,91.80%,6.95M,2.10,1.60%,6.53M,0.68,1.30%,0.62,1.20%,1.30%,21.00%,"Aug 15, 2014","Jul 31, 2014",N/A,N/A
"Friday October 17, 2014"
"Friday October 17, 2014"
"Friday October 17, 2014","<span id=""yfs_j10_san"">104.17B</span>",242.48B,15.96,11.19,1.30,2.44,1.06,5.85,N/A,Dec 31,"Jun 30, 2014",14.86%,38.37%,0.50%,7.19%,41.44B,3.65,1.30%,N/A,N/A,6.16B,0.54,38.40%,214.21B,17.69,355.59B,N/A,N/A,7.85,1.39B,N/A,1.55,-10.12%,6.78%,10.75,8.15,9.58,9.93,"7,399,500","9,742,850",12.11B,11.90B,N/A,N/A,42.20M,5.40,N/A,37.34M,0.59,6.90%,0.81,9.70%,7.00%,107.00%,"Nov 13, 2014","Oct 15, 2014",2:1,"Jun 21, 1999"
"Friday October 17, 2014"
"Friday October 17, 2014","<span id=""yfs_j10_bac"">170.78B</span>",208.53B,25.45,10.95,4.37,1.98,0.76,2.44,N/A,Dec 31,"Jun 30, 2014",9.32%,29.57%,0.37%,3.40%,85.28B,8.04,-0.80%,N/A,N/A,6.92B,0.64,-42.90%,524.40B,49.87,559.42B,N/A,N/A,21.17,47.72B,N/A,1.42,9.91%,6.78%,18.03,13.80,16.64,15.82,"81,600,400","124,795,000",10.52B,10.50B,0.03%,58.70%,91.84M,1.10,0.90%,93.92M,0.20,1.20%,0.08,0.50%,0.40%,7.00%,"Sep 26, 2014","Sep 3, 2014",2:1,"Aug 30, 2004"
"Friday October 17, 2014","<span id=""yfs_j10_bmo"">45.72B</span>",-42.82B,12.13,10.03,1.22,3.16,1.69,-3.00,N/A,Oct 31,"Jul 31, 2014",26.86%,36.15%,0.77%,13.51%,14.25B,22.11,4.10%,N/A,N/A,3.73B,5.84,0.30%,184.96B,286.32,97.15B,N/A,N/A,41.25,-20.49B,N/A,0.91,-0.11%,6.78%,78.56,60.34,75.05,72.45,"400,235","606,562",646.00M,644.33M,N/A,N/A,6.52M,17.60,N/A,7.17M,2.78,3.90%,2.80,4.00%,4.80%,47.00%,"Nov 26, 2014","Oct 30, 2014",2:1,"Mar 15, 2001"
"Friday October 17, 2014","<span id=""yfs_j10_bns"">72.74B</span>",-68.47B,11.36,10.00,1.00,3.69,1.82,-3.55,N/A,Oct 31,"Jul 31, 2014",33.70%,44.42%,0.99%,16.26%,19.30B,15.93,17.10%,N/A,N/A,6.35B,5.26,36.10%,249.80B,205.23,110.06B,N/A,N/A,32.11,-21.01B,N/A,0.92,-2.02%,6.78%,68.71,53.94,63.61,64.00,"471,698","849,675",1.22B,1.21B,N/A,N/A,1.25M,2.70,N/A,1.58M,2.37,4.00%,2.35,4.00%,4.00%,44.00%,"Oct 29, 2014","Oct 3, 2014",2:1,"Apr 29, 2004"
"Friday October 17, 2014"
"Friday October 17, 2014","<span id=""yfs_j10_abx"">15.69B</span>",26.66B,N/A,12.91,-0.57,1.46,1.21,2.43,5.56,Dec 31,"Jun 30, 2014",-25.87%,27.62%,4.90%,-17.78%,10.98B,9.94,-24.00%,5.27B,4.79B,-2.83B,N/A,N/A,2.55B,2.19,13.16B,82.29,2.87,11.39,3.32B,-518.95M,N/A,-25.59%,6.78%,21.45,13.40,15.58,17.27,"9,608,040","15,001,100",1.16B,1.16B,N/A,N/A,13.38M,1.30,N/A,13.41M,N/A,N/A,0.20,1.50%,1.30%,N/A,"Sep 15, 2014","Aug 27, 2014",2:1,"Mar 2, 1993"
"Friday October 17, 2014","<span id=""yfs_j10_bas"">601.69M</span>",1.36B,N/A,9.72,4.11,0.43,1.64,1.02,5.12,Dec 31,"Jun 30, 2014",-1.04%,4.03%,2.13%,-3.92%,1.33B,32.82,10.40%,394.82M,265.05M,-13.82M,-0.35,N/A,98.99M,2.42,879.38M,250.94,2.37,8.56,191.23M,37.96M,2.09,4.38%,6.78%,29.84,11.68,20.72,24.96,"1,532,680","3,419,520",40.96M,33.65M,7.39%,20.10%,4.46M,3.40,15.30%,5.97M,N/A,N/A,N/A,N/A,N/A,N/A,N/A,N/A,N/A,N/A
"Friday October 17, 2014","<span id=""yfs_j10_bax"">36.71B</span>",43.90B,19.10,12.97,1.42,2.26,4.26,2.68,10.53,Dec 31,"Jun 30, 2014",11.90%,19.72%,8.16%,24.32%,16.36B,30.15,16.20%,7.60B,4.17B,1.95B,3.55,-11.90%,1.87B,3.45,8.84B,101.75,1.64,15.99,3.21B,83.75M,0.61,3.30%,6.78%,77.31,64.78,72.63,73.93,"2,291,950","3,290,850",541.67M,539.89M,0.15%,84.50%,8.59M,3.70,1.60%,8.52M,2.08,3.00%,2.02,2.10%,2.50%,56.00%,"Oct 1, 2014","Sep 3, 2014",2:1,"May 31, 2001"
"Friday October 17, 2014","<span id=""yfs_j10_bayn"">43.08K</span>",-69.46M,N/A,N/A,N/A,N/A,N/A,13.55,N/A,Dec 31,"Mar 31, 2010",N/A,256.78%,-6.20%,-341.12%,-5.13M,-2.38,N/A,N/A,N/A,-17.96M,-8.34,N/A,77.51M,35.97,8.00M,N/A,N/A,-1.67,435.38K,N/A,N/A,N/A,N/A,1.45,0.01,N/A,N/A,N/A,N/A,2.15M,N/A,25.85%,31.80%,N/A,N/A,N/A,N/A,N/A,N/A,N/A,N/A,N/A,N/A,N/A,N/A,N/A,N/A
"Friday October 17, 2014","<span id=""yfs_j10_bbva"">65.66B</span>",149.65B,76.97,12.99,2.72,4.10,1.13,9.57,N/A,Dec 31,"Jun 30, 2014",5.45%,20.14%,0.13%,1.62%,15.63B,2.79,N/A,N/A,N/A,254.03M,0.14,N/A,139.80B,23.76,225.32B,N/A,N/A,9.63,2.10B,N/A,1.36,-14.71%,6.78%,13.60,10.69,12.04,12.36,"1,340,010","2,299,180",5.88B,5.88B,N/A,N/A,3.93M,3.50,N/A,3.85M,0.41,3.60%,0.45,4.10%,4.10%,81.00%,"Oct 27, 2014","Sep 24, 2014",60:59,"Mar 29, 2011"
"Friday October 17, 2014","<span id=""yfs_j10_bce"">32.57B</span>",49.18B,17.77,12.93,3.96,1.78,3.30,2.68,7.42,Dec 31,"Jun 30, 2014",10.53%,22.27%,6.55%,15.62%,18.38B,23.67,4.40%,7.61B,6.63B,1.82B,2.36,5.80%,132.52M,0.17,16.69B,119.90,0.57,12.71,5.65B,1.22B,0.50,-4.09%,6.78%,46.70,40.60,43.58,44.67,"797,963","962,275",778.15M,775.17M,0.00%,46.00%,8.26M,10.50,N/A,9.41M,2.26,5.30%,2.24,5.30%,5.20%,93.00%,"Oct 15, 2014","Sep 11, 2014",2:1,"May 23, 1997"
"Friday October 17, 2014","<span id=""yfs_j10_bdx"">23.42B</span>",24.50B,24.79,18.14,2.30,2.79,4.31,2.96,11.28,Sep 30,"Jun 30, 2014",11.75%,19.97%,8.64%,19.30%,8.29B,42.76,5.10%,4.17B,2.17B,974.00M,4.93,7.90%,2.64B,13.78,3.97B,73.88,2.89,28.03,1.88B,1.17B,0.95,15.24%,6.78%,130.21,103.80,117.72,117.12,"1,208,490","2,882,880",191.84M,190.71M,0.34%,84.70%,7.14M,7.60,3.70%,6.82M,2.18,1.70%,2.18,1.80%,2.10%,43.00%,"Sep 30, 2014","Sep 5, 2014",2:1,"Aug 21, 1998"
"Friday October 17, 2014"
"Friday October 17, 2014","<span id=""yfs_j10_bhp"">157.61B</span>",182.28B,11.43,18.69,3.72,2.32,1.97,2.71,6.12,Jun 30,"Jun 30, 2014",20.58%,31.19%,9.02%,18.95%,67.22B,25.27,-1.90%,67.21B,29.78B,13.83B,5.18,-15.70%,8.82B,3.31,34.86B,40.83,1.23,29.75,25.36B,3.21B,1.40,-15.63%,6.78%,73.91,55.59,62.05,68.15,"2,434,790","4,033,680",2.66B,2.65B,N/A,N/A,10.89M,4.50,N/A,11.19M,2.48,4.20%,2.42,4.10%,3.10%,46.00%,"Sep 23, 2014","Sep 3, 2014",2:1,"Jun 25, 1996"
"Friday October 17, 2014","<span id=""yfs_j10_biib"">72.93B</span>",70.51B,34.36,19.30,1.11,8.57,7.48,8.45,19.37,Dec 31,"Jun 30, 2014",25.64%,36.23%,15.91%,24.59%,8.34B,35.26,40.50%,6.07B,3.64B,2.14B,8.99,45.60%,1.57B,6.66,589.48M,6.16,2.05,40.49,2.64B,2.58B,1.34,23.62%,6.78%,358.89,230.25,326.55,315.37,"1,181,630","1,574,140",236.14M,235.80M,0.09%,94.50%,3.10M,2.90,1.50%,2.98M,N/A,N/A,N/A,N/A,N/A,N/A,N/A,N/A,3:1,"Jan 18, 2001"
"Friday October 17, 2014"
"Friday October 17, 2014"
"Friday October 17, 2014","<span id=""yfs_j10_bk"">41.04B</span>",-94.18B,15.74,13.60,1.51,2.78,1.11,-6.39,N/A,Dec 31,"Jun 30, 2014",18.80%,26.07%,0.74%,7.42%,14.74B,12.92,-7.10%,14.88B,N/A,2.65B,2.30,-31.60%,189.38B,167.36,54.28B,N/A,N/A,32.49,2.70B,N/A,1.43,14.87%,6.78%,40.80,30.82,38.72,36.81,"5,663,590","6,051,320",1.13B,1.13B,0.20%,82.60%,7.15M,1.30,0.60%,9.42M,0.68,1.90%,0.64,1.80%,1.80%,26.00%,"Aug 8, 2014","Jul 25, 2014",2:1,"Aug 14, 1998"
"Friday October 17, 2014","<span id=""yfs_j10_ba"">88.82B</span>",84.28B,18.67,14.50,1.36,0.98,6.17,0.95,10.18,Dec 31,"Jun 30, 2014",5.67%,7.24%,4.33%,45.94%,88.42B,118.41,1.10%,13.36B,8.28B,5.00B,6.60,51.90%,11.28B,15.66,8.88B,62.63,1.23,19.49,7.11B,2.81B,0.89,-1.82%,6.78%,144.57,116.32,125.93,127.77,"4,134,820","4,526,550",720.61M,668.02M,0.08%,10.30%,13.58M,3.80,2.20%,15.27M,2.92,2.40%,2.68,2.20%,2.30%,37.00%,"Sep 5, 2014","Aug 6, 2014",2:1,"Jun 9, 1997"
"Friday October 17, 2014"
"Friday October 17, 2014","<span id=""yfs_j10_bmy"">83.81B</span>",82.17B,N/A,28.81,2.83,5.04,5.32,5.07,18.49,Dec 31,"Jun 30, 2014",16.59%,20.71%,6.01%,18.13%,16.21B,9.82,-3.90%,11.77B,4.44B,2.69B,N/A,-37.90%,7.18B,4.33,7.74B,50.33,1.80,9.24,4.14B,3.36B,N/A,-1.01%,6.78%,57.49,46.30,50.61,49.66,"5,727,890","6,704,740",1.66B,1.65B,0.10%,68.70%,33.50M,6.30,2.00%,32.19M,N/A,N/A,1.44,2.90%,4.10%,88.00%,"Nov 3, 2014","Oct 1, 2014",2:1,"Mar 1, 1999"
"Friday October 17, 2014"
"Friday October 17, 2014"
"Friday October 17, 2014"
"Friday October 17, 2014"
"Friday October 17, 2014"
"Friday October 17, 2014","<span id=""yfs_j10_cm"">34.43B</span>",-15.56B,12.14,9.24,1.11,3.11,2.26,-1.42,N/A,Oct 31,"Jul 31, 2014",26.57%,37.43%,0.82%,18.00%,10.95B,27.48,8.00%,N/A,N/A,2.83B,7.15,4.70%,90.41B,227.78,40.80B,N/A,N/A,38.01,-11.80B,N/A,0.93,5.20%,6.78%,97.97,76.55,93.14,90.98,"188,295","267,200",396.92M,395.83M,5.67%,60.50%,5.88M,31.30,N/A,6.04M,3.61,4.10%,4.52,5.30%,4.80%,49.00%,"Oct 28, 2014","Sep 25, 2014",N/A,N/A
"Friday October 17, 2014","<span id=""yfs_j10_cnr"">65.45M</span>",260.07M,37.08,N/A,N/A,1.31,0.39,5.21,11.07,Mar 31,"Mar 31, 2014",26.96%,44.50%,2.85%,8.54%,49.89M,0.68,N/A,32.73M,23.50M,13.43M,0.02,N/A,21.71M,0.30,216.32M,126.83,1.71,2.26,-122.46M,-120.39M,0.76,-39.86%,6.78%,1.98,0.72,0.90,0.92,"15,320","4,713",73.54M,157.38K,50.77%,58.50%,1.03K,0.10,N/A,1.07K,N/A,N/A,N/A,N/A,N/A,N/A,N/A,"Jul 20, 2007",5:4,"Aug 8, 2005"
"Friday October 17, 2014","<span id=""yfs_j10_cnq"">37.53B</span>",48.33B,12.88,9.07,0.70,2.25,1.52,2.98,5.82,Dec 31,"Jun 30, 2014",17.81%,24.18%,5.10%,12.64%,16.23B,14.90,41.90%,8.14B,8.31B,2.89B,2.67,124.80%,27.39M,0.03,11.87B,49.36,0.52,21.99,7.18B,-2.71B,1.47,1.83%,6.78%,46.65,30.42,38.92,41.43,"2,949,540","6,497,200",1.09B,1.06B,N/A,N/A,4.40M,1.40,N/A,4.52M,0.82,2.50%,0.80,2.40%,1.20%,26.00%,"Oct 1, 2014","Sep 10, 2014",2:1,"Jun 1, 2010"
"Friday October 17, 2014","<span id=""yfs_j10_cof"">43.14B</span>",76.69B,10.37,9.87,1.63,2.37,1.02,4.08,N/A,Dec 31,"Jun 30, 2014",23.12%,39.46%,1.47%,10.27%,18.79B,32.74,-2.30%,N/A,N/A,4.29B,7.33,7.80%,7.48B,13.18,39.60B,N/A,N/A,77.21,9.98B,N/A,1.33,9.68%,6.78%,85.39,67.86,81.66,79.81,"2,928,390","3,895,400",567.50M,563.67M,0.56%,91.50%,5.61M,2.00,1.00%,5.63M,1.20,1.50%,1.20,1.50%,0.70%,16.00%,"Aug 21, 2014","Aug 7, 2014",3:1,"Jun 2, 1999"
"Friday October 17, 2014","<span id=""yfs_j10_ccl"">26.98B</span>",35.39B,19.18,15.38,0.87,1.70,1.07,2.24,10.18,Nov 30,"Aug 31, 2014",8.87%,11.66%,2.87%,5.68%,15.82B,20.40,4.70%,4.83B,3.48B,1.40B,1.81,33.50%,436.00M,0.56,8.87B,35.25,0.23,32.38,N/A,N/A,0.75,5.96%,6.78%,42.31,32.62,38.54,38.16,"4,406,180","9,767,960",777.00M,592.08M,0.10%,27.20%,10.59M,2.50,2.80%,12.74M,1.00,2.90%,1.00,2.90%,2.90%,70.00%,"Sep 12, 2014","Nov 19, 2014",2:1,"Jun 15, 1998"
"Friday October 17, 2014","<span id=""yfs_j10_ca"">11.63B</span>",10.14B,N/A,10.14,-2.50,2.56,2.01,2.26,7.12,Mar 31,"Jun 30, 2014",17.73%,28.58%,6.96%,13.83%,4.49B,10.12,-2.40%,3.86B,1.42B,774.00M,N/A,-35.20%,3.26B,7.33,1.91B,33.68,1.21,12.88,1.18B,1.27B,N/A,-14.22%,6.78%,36.22,25.25,27.83,28.87,"2,321,770","3,525,120",445.06M,318.56M,28.09%,66.60%,5.46M,2.30,1.70%,5.53M,N/A,N/A,1.00,3.90%,2.40%,56.00%,"Sep 9, 2014","Aug 19, 2014",3:2,"Nov 28, 1997"
"Friday October 17, 2014","<span id=""yfs_j10_cbs"">27.71B</span>",32.95B,16.97,N/A,N/A,1.81,3.24,2.21,8.89,Dec 31,"Jun 30, 2014",12.55%,21.82%,7.82%,19.79%,14.91B,25.29,-5.40%,15.28B,3.71B,1.87B,3.10,-7.00%,261.00M,0.50,6.25B,67.36,1.62,15.79,1.45B,1.12B,1.99,-13.55%,6.78%,68.10,48.83,55.02,58.56,"8,476,690","9,302,880",526.82M,483.73M,1.43%,85.70%,17.13M,2.20,3.30%,10.21M,0.60,1.20%,0.51,1.00%,1.20%,15.00%,"Oct 1, 2014","Sep 8, 2014",N/A,N/A
"Friday October 17, 2014","<span id=""yfs_j10_celg"">70.61B</span>",69.77B,N/A,18.33,0.89,9.82,12.17,9.92,28.87,Dec 31,"Jun 30, 2014",20.82%,28.96%,9.24%,28.55%,7.03B,8.64,17.10%,6.15B,2.42B,1.46B,N/A,25.00%,6.23B,7.79,6.94B,142.96,5.44,7.10,2.19B,1.75B,N/A,7.61%,6.78%,96.50,66.85,92.76,83.78,"4,347,090","5,647,120",799.51M,797.23M,0.09%,84.20%,11.75M,2.80,1.50%,12.07M,N/A,N/A,N/A,N/A,N/A,N/A,N/A,N/A,2:1,"Jun 26, 2014"
"Friday October 17, 2014","<span id=""yfs_j10_cve"">17.79B</span>",21.63B,16.99,12.66,0.78,0.99,1.93,1.21,6.14,Dec 31,"Jun 30, 2014",5.80%,10.05%,5.13%,11.55%,17.90B,23.66,20.10%,4.39B,3.52B,1.04B,1.38,243.60%,671.44M,0.89,4.57B,49.58,1.25,12.17,2.99B,453.89M,1.24,-22.29%,6.78%,32.64,22.75,28.05,29.69,"1,171,450","2,338,380",757.03M,754.57M,N/A,N/A,4.30M,3.90,N/A,4.94M,0.97,4.10%,0.96,4.10%,N/A,66.00%,"Sep 30, 2014","Sep 11, 2014",N/A,N/A
"Friday October 17, 2014","<span id=""yfs_j10_cna"">9.94B</span>",10.66B,12.88,9.92,1.09,0.97,0.75,1.06,7.02,Dec 31,"Jun 30, 2014",7.65%,14.27%,1.54%,7.89%,10.11B,37.47,-0.40%,4.17B,1.52B,987.00M,2.86,37.60%,2.26B,8.38,3.11B,23.77,0.42,48.43,1.22B,649.75M,1.32,-7.97%,6.78%,43.65,35.68,37.96,39.63,"97,965","118,188",269.95M,26.58M,0.30%,99.20%,398.87K,4.50,1.50%,396.79K,1.00,2.70%,1.95,5.40%,2.30%,67.00%,"Sep 3, 2014","Aug 14, 2014",3:1,"Jun 2, 1998"
"Friday October 17, 2014","<span id=""yfs_j10_ctl"">22.11B</span>",42.62B,N/A,14.89,-7.26,1.20,1.32,2.35,5.95,Dec 31,"Jun 30, 2014",-2.26%,15.01%,3.28%,-2.34%,18.14B,31.24,0.40%,10.59B,7.16B,-410.00M,-0.71,-28.30%,181.00M,0.32,20.96B,126.27,0.81,29.05,5.21B,2.09B,0.50,16.03%,6.78%,45.67,27.93,40.21,37.75,"4,385,510","3,538,210",570.16M,567.43M,0.45%,73.70%,24.42M,6.30,4.90%,25.43M,2.16,5.60%,2.16,5.60%,7.20%,N/A,"Sep 12, 2014","Aug 27, 2014",3:2,"Apr 1, 1999"
"Friday October 17, 2014","<span id=""yfs_j10_cvx"">211.29B</span>",220.21B,N/A,10.65,1.88,1.01,1.37,1.06,5.44,Dec 31,"Jun 30, 2014",9.61%,12.09%,6.23%,13.49%,208.70B,109.84,0.50%,60.83B,40.49B,20.06B,N/A,5.60%,14.24B,7.50,23.55B,15.22,1.35,80.88,37.07B,-6.70B,N/A,-7.18%,6.78%,135.10,106.65,121.11,124.99,"5,937,520","10,511,400",1.90B,1.89B,0.02%,65.00%,14.16M,2.30,0.70%,17.14M,N/A,N/A,4.14,3.70%,3.30%,39.00%,"Sep 10, 2014","Aug 15, 2014",2:1,"Sep 13, 2004"
"Friday October 17, 2014","<span id=""yfs_j10_cdi"">307.55M</span>",283.04M,23.06,15.66,1.07,0.28,1.09,0.25,8.23,Dec 31,"Jun 30, 2014",1.20%,2.13%,3.76%,4.71%,1.12B,57.19,7.90%,206.64M,34.39M,13.42M,0.68,28.80%,32.42M,1.65,1.62M,0.56,2.94,14.66,28.61M,17.00M,1.69,-2.50%,6.78%,19.19,12.91,15.25,14.98,"51,679","64,688",19.61M,14.49M,25.99%,59.20%,302.39K,6.40,2.10%,259.91K,0.52,3.40%,0.52,3.30%,3.30%,76.00%,"Aug 29, 2014","Aug 13, 2014",2:1,"Aug 31, 1989"
"Friday October 17, 2014"
"Friday October 17, 2014","<span id=""yfs_j10_csco"">118.35B</span>",85.20B,15.58,10.19,1.39,2.47,2.06,1.81,6.74,Jul 26,"Jul 26, 2014",16.66%,22.11%,6.32%,13.56%,47.14B,9.01,-0.50%,27.77B,12.64B,7.85B,1.49,-1.00%,52.07B,10.21,20.91B,36.91,3.39,11.09,12.33B,8.91B,1.49,-0.61%,6.78%,26.08,20.22,24.69,24.45,"26,778,500","35,108,400",5.10B,5.09B,0.09%,74.10%,54.09M,2.20,1.10%,57.20M,0.76,3.30%,0.74,3.20%,N/A,48.00%,"Oct 22, 2014","Sep 30, 2014",2:1,"Mar 23, 2000"
"Friday October 17, 2014","<span id=""yfs_j10_c"">151.90B</span>",-80.81B,16.29,9.36,1.32,2.16,0.74,-1.16,N/A,Dec 31,"Sep 30, 2014",14.33%,24.32%,0.53%,4.81%,69.94B,23.07,11.10%,67.64B,N/A,9.25B,3.08,6.60%,715.33B,236.12,464.41B,N/A,N/A,67.31,N/A,N/A,2.03,-2.74%,6.78%,55.28,45.18,51.89,49.10,"17,120,200","30,183,700",3.03B,3.02B,0.08%,68.60%,35.04M,2.20,1.20%,38.00M,0.04,0.10%,0.04,0.10%,0.50%,1.00%,"Aug 22, 2014","Jul 31, 2014",1:10,"May 9, 2011"
"Friday October 17, 2014"
"Friday October 17, 2014","<span id=""yfs_j10_ctsh"">26.98B</span>",22.69B,19.86,16.54,1.11,2.79,3.84,2.36,11.23,Dec 31,"Jun 30, 2014",14.22%,19.09%,14.60%,22.17%,9.60B,15.84,16.50%,3.58B,2.02B,1.36B,2.24,23.80%,4.13B,6.79,0.00,N/A,4.30,11.50,1.55B,1.07B,1.75,2.88%,6.78%,54.00,41.51,44.81,47.59,"5,627,880","6,242,490",607.92M,571.68M,0.51%,95.40%,9.00M,1.60,1.50%,10.33M,N/A,N/A,N/A,N/A,N/A,N/A,N/A,N/A,2:1,"Mar 10, 2014"
"Friday October 17, 2014","<span id=""yfs_j10_cl"">58.17B</span>",62.58B,26.63,19.94,2.50,3.31,32.40,3.59,13.60,Dec 31,"Jun 30, 2014",12.79%,23.90%,18.96%,123.51%,17.44B,18.91,0.10%,10.20B,4.60B,2.23B,2.39,10.90%,1.32B,1.44,6.06B,292.76,1.27,1.95,3.27B,2.19B,0.55,0.48%,6.78%,70.11,59.75,64.83,66.32,"3,391,930","4,331,820",913.31M,908.26M,0.20%,70.40%,4.93M,1.40,0.60%,5.35M,1.44,2.20%,1.76,2.80%,2.30%,58.00%,"Nov 14, 2014","Oct 15, 2014",2:1,"May 16, 2013"
"Friday October 17, 2014"
"Friday October 17, 2014","<span id=""yfs_j10_cop"">83.67B</span>",97.10B,9.22,11.09,1.48,1.40,1.49,1.65,4.39,Dec 31,"Jun 30, 2014",15.56%,23.86%,7.37%,15.54%,58.95B,47.77,4.60%,24.53B,22.12B,8.07B,7.38,1.50%,6.43B,5.23,21.23B,38.13,1.16,44.99,17.57B,5.22B,0.85,-8.85%,6.78%,87.09,62.74,76.68,79.09,"5,915,180","11,306,900",1.23B,1.23B,0.02%,66.90%,22.86M,4.20,1.90%,22.87M,2.92,4.40%,2.84,4.20%,4.50%,37.00%,"Dec 1, 2014","Oct 9, 2014",47:64,"May 1, 2012"
"Friday October 17, 2014","<span id=""yfs_j10_ed"">17.71B</span>",29.73B,14.00,15.51,6.18,1.37,1.43,2.28,8.56,Dec 31,"Jun 30, 2014",9.75%,18.60%,3.69%,10.45%,13.05B,44.56,3.30%,8.30B,3.47B,1.27B,4.32,23.30%,774.00M,2.64,12.66B,101.66,0.90,42.53,2.94B,-227.12M,0.20,7.14%,6.78%,62.13,52.23,57.62,56.50,"2,050,520","4,344,010",292.88M,292.22M,0.25%,44.50%,22.10M,13.90,7.60%,25.83M,2.52,4.10%,1.88,3.10%,4.50%,58.00%,"Sep 15, 2014","Aug 11, 2014",2:1,"Jul 3, 1989"
"Friday October 17, 2014","<span id=""yfs_j10_glw"">23.02B</span>",20.41B,19.66,11.25,0.90,2.57,1.16,2.32,7.52,Dec 31,"Jun 30, 2014",14.77%,18.42%,3.48%,6.00%,8.79B,6.36,25.20%,3.32B,2.72B,1.25B,0.91,-73.50%,5.89B,4.56,3.70B,16.96,4.53,15.09,4.26B,840.00M,1.64,16.67%,6.78%,22.37,14.83,19.80,20.80,"7,876,460","9,849,140",1.29B,1.29B,0.41%,74.30%,19.42M,2.90,1.40%,18.35M,0.40,2.30%,0.40,2.30%,1.90%,43.00%,"Dec 12, 2014","Nov 12, 2014",3:1,"Oct 4, 2000"
"Friday October 17, 2014","<span id=""yfs_j10_cost"">54.66B</span>",51.61B,26.84,21.92,2.13,0.48,4.38,0.46,12.40,Aug 31,"Aug 31, 2014",1.83%,2.86%,6.36%,17.75%,112.64B,256.76,9.30%,13.21B,4.16B,2.06B,4.65,13.00%,7.32B,16.71,5.09B,40.70,1.22,28.10,N/A,N/A,0.57,4.51%,6.78%,131.41,109.50,125.57,118.50,"1,920,670","3,336,020",437.88M,433.61M,0.83%,76.00%,3.83M,2.00,0.90%,4.57M,1.42,1.10%,1.33,1.10%,1.20%,29.00%,"Jul 25, 2014","Jul 9, 2014",2:1,"Jan 14, 2000"
"Friday October 17, 2014","<span id=""yfs_j10_cov"">37.77B</span>",42.45B,25.22,19.00,2.51,3.71,3.88,4.07,15.12,Sep 27,"Jun 27, 2014",14.56%,21.56%,6.95%,15.33%,10.42B,23.02,4.10%,6.08B,2.81B,1.51B,3.32,-22.70%,1.23B,2.72,5.05B,50.42,1.81,22.04,1.94B,1.14B,1.06,35.14%,6.78%,95.29,60.71,89.97,82.50,"5,162,290","7,635,010",451.76M,450.02M,0.16%,90.60%,5.06M,1.10,1.10%,5.89M,1.44,1.60%,1.32,1.50%,1.80%,37.00%,"Nov 6, 2014","Oct 3, 2014",N/A,N/A
"Friday October 17, 2014"
"Friday October 17, 2014","<span id=""yfs_j10_csl"">5.03B</span>",4.95B,20.00,16.61,1.21,1.64,2.37,1.63,10.22,Dec 31,"Jun 30, 2014",8.49%,12.54%,6.67%,12.14%,3.03B,47.51,8.40%,745.60M,484.20M,237.10M,3.92,817.10%,757.00M,11.81,751.20M,35.89,3.92,32.65,365.60M,405.09M,1.50,7.29%,6.78%,88.36,70.50,80.74,82.60,"301,460","793,275",64.12M,62.70M,5.28%,0.10%,813.48K,4.40,1.50%,805.18K,1.00,1.30%,0.91,1.20%,1.50%,22.00%,"Sep 1, 2014","Aug 14, 2014",2:1,"Mar 20, 2007"
"Friday October 17, 2014","<span id=""yfs_j10_csx"">33.64B</span>",41.51B,18.82,15.63,1.73,2.63,2.96,3.32,8.89,Dec 27,"Sep 26, 2014",14.89%,28.18%,6.93%,17.73%,12.51B,12.43,7.40%,8.10B,4.67B,1.86B,1.79,9.90%,1.05B,1.06,9.62B,86.31,1.20,11.15,3.07B,704.75M,1.29,28.33%,6.78%,34.09,25.40,31.64,30.21,"6,673,070","15,488,600",999.00M,994.13M,0.44%,68.10%,17.62M,3.30,1.80%,17.69M,0.64,2.00%,0.62,1.90%,2.10%,34.00%,"Dec 15, 2014","Nov 25, 2014",3:1,"Jun 16, 2011"
"Friday October 17, 2014","<span id=""yfs_j10_cvs"">92.66B</span>",103.28B,19.58,15.81,1.23,0.69,2.40,0.78,9.90,Dec 31,"Jun 30, 2014",3.70%,6.47%,7.69%,12.71%,132.05B,111.16,10.70%,23.78B,10.43B,4.90B,4.08,10.90%,1.71B,1.48,13.37B,35.07,1.45,32.87,6.31B,4.04B,0.89,29.18%,6.78%,83.45,60.21,80.67,77.50,"4,154,410","6,696,400",1.16B,1.16B,0.19%,86.00%,10.23M,2.70,0.90%,11.69M,1.10,1.40%,0.83,1.10%,1.20%,25.00%,"Nov 3, 2014","Oct 21, 2014",2:1,"Jun 7, 2005"
"Friday October 17, 2014"
"Friday October 17, 2014"
"Friday October 17, 2014","<span id=""yfs_j10_de"">29.84B</span>",63.82B,9.35,12.83,2.24,0.82,2.78,1.75,10.10,Oct 31,"Jul 31, 2014",9.08%,14.11%,5.37%,34.19%,36.55B,98.89,-5.10%,12.13B,6.32B,3.32B,8.90,-14.60%,3.19B,8.90,36.86B,340.28,2.24,30.22,3.35B,-691.24M,1.14,-0.08%,6.78%,94.89,78.88,82.77,88.16,"3,959,250","6,214,680",358.42M,327.95M,7.18%,66.40%,34.78M,9.00,9.40%,31.33M,2.40,2.80%,2.22,2.60%,2.20%,24.00%,"Nov 3, 2014","Sep 26, 2014",2:1,"Dec 4, 2007"
"Friday October 17, 2014"
"Friday October 17, 2014"
"Friday October 17, 2014"
"Friday October 17, 2014","<span id=""yfs_j10_dpw"">13.82M</span>",11.04M,N/A,N/A,N/A,1.45,2.58,1.22,-60.64,Dec 31,"Jun 30, 2014",-6.90%,-4.55%,-3.90%,-11.89%,9.03M,1.32,18.60%,3.17M,-182.00K,-623.00K,-0.09,N/A,2.05M,0.30,0.00,N/A,3.91,0.75,858.00K,703.00K,1.42,173.24%,6.78%,3.05,0.52,1.38,1.23,"94,740","141,775",6.74M,3.25M,55.43%,1.80%,28.46K,0.50,0.80%,7.73K,N/A,N/A,N/A,N/A,N/A,N/A,N/A,N/A,N/A,N/A
"Friday October 17, 2014","<span id=""yfs_j10_dte"">13.61B</span>",22.09B,17.63,16.75,2.97,1.18,1.70,1.91,8.97,Dec 31,"Jun 30, 2014",6.69%,11.80%,3.27%,9.98%,11.55B,65.43,21.30%,2.63B,2.46B,770.00M,4.36,18.10%,75.00M,0.42,8.55B,106.57,0.97,45.24,1.96B,-197.50M,0.42,14.39%,6.78%,80.25,64.52,77.10,76.28,"1,025,670","1,717,280",176.99M,176.21M,0.52%,14.80%,3.82M,4.90,2.20%,3.88M,2.76,3.50%,2.66,3.50%,4.40%,60.00%,"Oct 15, 2014","Sep 11, 2014",N/A,N/A
"Friday October 17, 2014","<span id=""yfs_j10_dvn"">23.78B</span>",33.78B,14.48,9.91,0.68,1.59,1.08,2.33,5.73,Dec 31,"Jun 30, 2014",11.25%,19.41%,3.87%,7.22%,14.53B,36.05,80.30%,8.13B,5.90B,1.62B,4.01,-1.20%,1.71B,4.17,12.36B,47.41,0.94,52.50,6.50B,-7.10B,1.63,-10.55%,6.78%,80.63,53.34,67.83,72.46,"3,153,830","6,146,210",409.10M,383.74M,6.20%,79.60%,4.85M,1.60,1.20%,4.57M,0.96,1.70%,0.92,1.60%,1.20%,22.00%,"Dec 31, 2014","Dec 10, 2014",2:1,"Nov 16, 2004"
"Friday October 17, 2014"
"Friday October 17, 2014","<span id=""yfs_j10_dtv"">42.66B</span>",59.82B,15.48,13.35,1.65,1.30,N/A,1.84,7.46,Dec 31,"Jun 30, 2014",8.87%,16.93%,15.94%,N/A,32.44B,62.50,5.30%,15.11B,8.02B,2.88B,5.49,22.10%,2.29B,4.56,19.98B,N/A,0.90,-12.98,6.45B,2.23B,1.12,36.06%,6.78%,89.46,61.36,86.63,83.93,"2,708,420","3,186,550",502.23M,500.33M,6.97%,80.50%,10.99M,4.10,2.20%,10.55M,N/A,N/A,N/A,N/A,N/A,N/A,N/A,"Aug 12, 1994",N/A,N/A
"Friday October 17, 2014","<span id=""yfs_j10_dnb"">4.17B</span>",5.38B,15.36,14.47,2.41,2.47,N/A,3.24,10.87,Dec 31,"Jun 30, 2014",17.04%,28.57%,16.44%,N/A,1.66B,44.22,1.70%,1.66B,495.10M,283.30M,7.46,-13.20%,285.90M,7.86,1.57B,N/A,0.93,-29.83,320.30M,269.40M,1.10,5.85%,6.78%,124.59,94.29,116.93,110.25,"343,494","581,775",36.37M,36.21M,0.69%,113.70%,2.09M,6.10,6.60%,2.04M,1.76,1.60%,1.72,1.50%,1.70%,23.00%,"Sep 12, 2014","Aug 25, 2014",2:1,"Oct 3, 2000"
"Friday October 17, 2014","<span id=""yfs_j10_d"">39.92B</span>",63.82B,25.97,18.28,3.15,3.03,3.42,4.89,14.41,Dec 31,"Jun 30, 2014",11.78%,23.12%,3.78%,13.96%,13.06B,22.48,-5.60%,5.09B,4.43B,1.56B,2.64,-21.30%,453.00M,0.78,24.66B,213.20,0.77,19.85,3.09B,-1.38B,0.22,6.75%,6.78%,73.75,63.00,69.33,69.60,"2,414,240","4,851,220",582.67M,579.84M,0.41%,58.40%,12.03M,5.70,2.10%,11.67M,2.40,3.50%,2.36,3.50%,4.00%,88.00%,"Sep 20, 2014","Aug 27, 2014",2:1,"Nov 20, 2007"
"Friday October 17, 2014","<span id=""yfs_j10_dow"">53.89B</span>",66.95B,N/A,12.75,1.51,0.92,2.32,1.16,9.05,Dec 31,"Jun 30, 2014",6.51%,8.28%,4.29%,14.34%,57.50B,48.45,2.30%,9.49B,7.40B,3.38B,N/A,-60.10%,3.65B,3.10,17.84B,63.88,2.04,19.30,5.60B,2.30B,N/A,8.35%,6.78%,54.97,38.16,51.57,51.17,"8,972,210","19,361,700",1.18B,1.17B,0.18%,69.90%,32.45M,3.60,2.70%,26.36M,N/A,N/A,1.43,3.20%,2.90%,50.00%,"Oct 30, 2014","Sep 26, 2014",3:1,"Jun 19, 2000"
"Friday October 17, 2014","<span id=""yfs_j10_duk"">55.20B</span>",95.74B,25.07,16.36,3.61,2.23,1.35,3.87,10.42,Dec 31,"Jun 30, 2014",8.90%,23.22%,3.14%,5.44%,24.76B,35.03,1.10%,9.50B,9.18B,2.19B,3.11,79.60%,2.01B,2.84,42.46B,103.86,1.32,57.71,6.16B,-1.62B,0.24,11.54%,6.78%,79.81,67.05,74.88,72.80,"3,137,660","4,632,280",707.27M,705.31M,0.18%,53.60%,14.40M,4.60,2.00%,12.86M,3.18,4.00%,3.14,4.00%,5.00%,100.00%,"Sep 16, 2014","Aug 13, 2014",1:3,"Jul 3, 2012"
"Friday October 17, 2014","<span id=""yfs_j10_dd"">61.39B</span>",68.29B,21.07,14.59,2.13,1.71,3.61,1.92,11.42,Dec 31,"Jun 30, 2014",8.39%,12.20%,5.43%,19.45%,35.49B,38.42,-1.70%,13.19B,5.98B,2.94B,3.18,3.90%,4.36B,4.77,11.80B,68.88,1.93,18.37,3.74B,1.65B,1.55,11.09%,6.78%,72.92,59.12,68.14,67.08,"4,719,190","7,864,540",915.24M,913.83M,0.07%,66.40%,25.19M,4.90,2.80%,21.47M,1.88,2.90%,1.82,2.80%,3.70%,56.00%,"Sep 12, 2014","Aug 13, 2014",2:1,"Jun 13, 1997"
"Friday October 17, 2014"
"Friday October 17, 2014","<span id=""yfs_j10_air"">939.71M</span>",1.43B,13.92,11.56,1.13,0.47,0.93,0.72,6.70,May 31,"Aug 31, 2014",3.49%,6.84%,3.92%,7.17%,1.99B,51.48,-8.80%,340.20M,214.20M,68.00M,1.74,-19.60%,131.30M,3.38,627.10M,62.43,2.78,25.87,127.30M,89.82M,1.88,-14.19%,6.78%,31.55,22.37,25.97,26.27,"269,846","265,800",38.80M,36.64M,4.28%,84.60%,2.20M,5.80,5.80%,2.40M,0.30,1.30%,0.30,1.20%,N/A,17.00%,"Nov 4, 2014","Oct 17, 2014",3:2,"Feb 24, 1998"
"Friday October 17, 2014","<span id=""yfs_j10_ebay"">59.70B</span>",57.38B,N/A,14.63,1.45,3.49,3.13,3.37,11.54,Dec 31,"Jun 30, 2014",-0.65%,20.49%,5.45%,-0.55%,17.05B,13.32,12.60%,11.01B,4.97B,-111.00M,-0.09,5.60%,7.37B,5.94,5.32B,28.05,1.28,15.29,5.72B,6.26B,0.80,-8.28%,6.78%,59.70,46.34,52.90,52.34,"14,278,900","15,008,900",1.24B,1.12B,9.50%,83.50%,20.53M,1.20,1.80%,23.21M,N/A,N/A,N/A,N/A,N/A,N/A,N/A,N/A,2:1,"Feb 17, 2005"
"Friday October 17, 2014","<span id=""yfs_j10_ecl"">32.31B</span>",38.52B,30.23,22.45,1.62,2.26,4.27,2.76,13.88,Dec 31,"Jun 30, 2014",7.87%,13.72%,6.09%,15.58%,13.95B,46.39,6.90%,6.01B,2.78B,1.10B,3.57,46.10%,187.00M,0.62,7.13B,95.57,1.20,24.71,1.70B,988.10M,0.67,1.82%,6.78%,118.46,97.65,113.93,109.92,"903,191","1,661,980",299.63M,270.14M,9.81%,77.70%,3.73M,4.70,1.40%,3.62M,1.10,1.00%,1.10,1.00%,1.30%,29.00%,"Oct 15, 2014","Sep 12, 2014",2:1,"Jun 9, 2003"
"Friday October 17, 2014"
"Friday October 17, 2014"
"Friday October 17, 2014","<span id=""yfs_j10_lly"">66.77B</span>",66.54B,19.79,19.94,29.62,3.13,3.69,3.14,11.70,Dec 31,"Jun 30, 2014",16.00%,20.24%,7.86%,20.41%,21.20B,19.72,-16.80%,18.20B,5.69B,3.39B,3.15,-39.20%,5.13B,4.78,5.33B,29.60,1.77,16.78,5.04B,2.70B,0.29,24.90%,6.78%,67.14,48.88,64.80,61.71,"3,844,400","4,655,950",1.07B,936.52M,0.17%,74.50%,22.73M,5.50,2.30%,22.58M,1.96,3.10%,1.96,3.20%,4.70%,62.00%,"Sep 10, 2014","Aug 13, 2014",2:1,"Oct 16, 1997"
"Friday October 17, 2014","<span id=""yfs_j10_emc"">54.98B</span>",52.40B,22.10,12.52,1.41,2.31,2.44,2.22,9.61,Dec 31,"Jun 30, 2014",10.98%,17.45%,5.79%,11.64%,23.58B,11.55,4.70%,14.47B,5.45B,2.59B,1.23,-16.00%,7.65B,3.77,5.49B,23.03,1.41,11.00,6.57B,4.56B,1.55,14.55%,16.33%,30.18,23.15,29.28,27.67,"16,606,600","15,851,400",2.03B,2.02B,0.24%,82.10%,22.42M,1.20,1.10%,25.74M,0.46,1.70%,0.43,1.60%,N/A,34.00%,"Oct 23, 2014","Sep 29, 2014",2:1,"Jun 5, 2000"
"Friday October 17, 2014","<span id=""yfs_j10_emr"">42.68B</span>",45.69B,17.19,15.04,1.75,1.72,3.91,1.86,9.39,Sep 30,"Jun 30, 2014",10.32%,16.44%,10.37%,24.38%,24.54B,34.86,-0.50%,9.95B,4.86B,2.53B,3.56,275.30%,3.05B,4.37,6.54B,60.15,1.27,15.48,3.73B,2.64B,1.23,-7.88%,6.78%,70.66,57.76,62.99,65.62,"3,223,730","4,901,110",697.92M,693.41M,0.36%,73.50%,10.29M,3.30,1.50%,7.65M,1.72,2.90%,1.72,2.80%,3.00%,48.00%,"Sep 10, 2014","Aug 13, 2014",2:1,"Dec 12, 2006"
"Friday October 17, 2014","<span id=""yfs_j10_enb"">38.04B</span>",64.52B,31.74,20.06,2.00,1.14,4.77,1.93,19.44,Dec 31,"Jun 30, 2014",4.00%,6.03%,2.50%,7.77%,33.43B,40.84,29.70%,5.41B,3.32B,1.10B,1.42,858.80%,1.14B,1.35,27.39B,154.99,0.73,9.46,2.43B,-7.12B,0.59,7.07%,6.78%,51.95,39.98,48.40,48.11,"1,041,540","1,397,950",846.24M,810.71M,3.88%,61.80%,3.68M,3.50,N/A,4.22M,1.28,3.00%,1.26,2.80%,2.80%,86.00%,"Sep 1, 2014","Aug 13, 2014",2:1,"Jun 1, 2011"
"Friday October 17, 2014"
"Friday October 17, 2014"
"Friday October 17, 2014","<span id=""yfs_j10_eni"">14.92B</span>",18.76B,19.00,11.04,0.75,1.35,1.37,1.69,5.36,Dec 31,"Jun 30, 2014",8.09%,24.74%,6.80%,10.57%,11.08B,10.05,6.30%,6.04B,3.50B,896.63M,0.80,-51.90%,2.59B,2.64,6.38B,43.14,1.42,11.10,2.55B,418.13M,1.27,-9.92%,6.78%,17.96,13.08,16.40,16.44,"495,748","482,462",981.86M,386.65M,N/A,N/A,729.25K,1.40,N/A,988.11K,0.79,5.10%,0.60,3.90%,2.80%,53.00%,"Jun 3, 2014","May 7, 2014",101:100,"Feb 28, 2013"
"Friday October 17, 2014"
"Friday October 17, 2014","<span id=""yfs_j10_exc"">29.54B</span>",49.38B,16.08,13.63,5.08,1.13,1.28,1.91,7.54,Dec 31,"Jun 30, 2014",7.12%,11.70%,2.34%,8.22%,25.93B,30.22,-1.90%,6.89B,6.55B,1.84B,2.14,6.50%,1.36B,1.59,21.45B,88.53,1.15,26.60,5.76B,195.75M,0.37,18.57%,6.78%,37.73,26.45,33.95,34.31,"6,341,690","8,941,590",859.20M,856.94M,0.12%,65.70%,85.36M,14.90,10.00%,83.98M,1.24,3.60%,1.24,3.60%,5.10%,58.00%,"Sep 10, 2014","Aug 13, 2014",2:1,"May 6, 2004"
"Friday October 17, 2014"
"Friday October 17, 2014","<span id=""yfs_j10_xom"">387.75B</span>",402.06B,11.59,12.44,3.30,0.97,2.13,1.01,6.51,Dec 31,"Jun 30, 2014",8.59%,11.24%,7.97%,19.57%,397.13B,91.39,4.70%,136.16B,61.77B,34.10B,7.84,28.00%,6.08B,1.43,21.76B,11.57,0.92,42.48,48.94B,11.53B,1.00,3.48%,6.78%,104.76,86.84,95.38,99.54,"11,060,500","18,743,500",4.26B,4.25B,0.16%,50.00%,35.74M,3.20,0.80%,40.72M,2.76,3.00%,2.64,2.90%,2.40%,33.00%,"Sep 10, 2014","Aug 11, 2014",2:1,"Jul 19, 2001"
"Friday October 17, 2014","<span id=""yfs_j10_fdx"">44.10B</span>",45.35B,21.30,14.38,1.09,0.93,2.85,0.98,7.27,May 31,"Aug 31, 2014",4.79%,8.03%,7.00%,13.51%,46.23B,154.48,6.00%,28.52B,6.24B,2.21B,7.31,23.90%,2.42B,8.53,4.74B,31.32,1.80,53.38,4.32B,616.88M,0.93,20.16%,6.78%,165.17,124.71,155.50,146.65,"1,563,100","2,179,880",283.25M,262.69M,6.45%,79.90%,2.78M,1.50,1.10%,3.64M,0.80,0.50%,0.70,0.50%,0.50%,9.00%,"Oct 1, 2014","Sep 8, 2014",2:1,"May 7, 1999"
"Friday October 17, 2014","<span id=""yfs_j10_f"">54.94B</span>",147.42B,8.71,8.71,1.19,0.37,2.02,1.00,12.73,Dec 31,"Jun 30, 2014",4.51%,3.57%,1.61%,28.30%,146.63B,37.19,-1.40%,18.82B,11.58B,6.61B,1.63,6.30%,25.81B,6.66,119.01B,438.43,1.72,6.90,11.12B,-3.92B,1.22,-20.25%,6.78%,18.12,13.26,15.74,16.45,"29,684,500","41,871,900",3.88B,3.54B,0.46%,53.60%,66.79M,2.10,1.90%,70.86M,0.50,3.60%,0.48,3.40%,3.00%,28.00%,"Dec 1, 2014","Oct 29, 2014",2:1,"Jul 6, 1994"
"Friday October 17, 2014"
"Friday October 17, 2014","<span id=""yfs_j10_ora"">1.26B</span>",2.22B,24.36,19.15,1.15,2.38,1.67,4.18,10.06,Dec 31,"Jun 30, 2014",9.74%,22.37%,3.47%,7.04%,531.69M,11.69,-16.40%,159.82M,220.66M,51.80M,1.14,-63.70%,80.12M,1.76,1.04B,134.44,1.36,16.65,170.39M,-65.53M,1.04,2.17%,6.78%,30.46,23.95,27.28,27.73,"62,323","57,763",45.52M,18.31M,67.46%,22.50%,1.82M,30.90,10.00%,1.85M,0.20,0.70%,0.20,0.70%,0.70%,17.00%,"Aug 28, 2014","Aug 15, 2014",N/A,N/A
"Friday October 17, 2014","<span id=""yfs_j10_ben"">32.23B</span>",24.81B,14.44,13.27,0.89,3.83,2.82,2.98,7.81,Sep 30,"Jun 30, 2014",27.07%,37.58%,12.21%,20.25%,8.32B,13.27,2.20%,7.94B,3.18B,2.24B,3.57,4.80%,9.22B,14.74,2.19B,18.09,7.07,18.06,1.92B,2.51B,1.78,-5.44%,6.78%,58.87,49.12,54.62,55.10,"1,870,270","3,480,760",625.29M,392.26M,35.66%,50.00%,6.01M,3.80,1.50%,5.28M,0.48,0.90%,0.48,0.90%,0.90%,13.00%,"Oct 10, 2014","Sep 26, 2014",3:1,"Jul 26, 2013"
"Friday October 17, 2014","<span id=""yfs_j10_fcx"">31.87B</span>",54.23B,12.73,11.06,0.34,1.39,1.47,2.40,5.56,Dec 31,"Jun 30, 2014",11.17%,25.11%,5.57%,12.90%,22.56B,21.71,28.80%,6.28B,9.75B,2.52B,2.41,N/A,1.46B,1.40,20.30B,76.84,1.36,20.53,6.86B,-2.69B,2.08,-13.33%,6.78%,39.32,29.42,33.27,34.94,"9,141,440","13,664,100",1.04B,1.02B,0.85%,73.10%,20.44M,2.40,2.00%,18.14M,1.25,4.10%,1.25,4.10%,2.60%,52.00%,"Nov 3, 2014","Oct 10, 2014",2:1,"Feb 2, 2011"
"Friday October 17, 2014"
"Friday October 17, 2014","<span id=""yfs_j10_gas"">6.23B</span>",10.33B,13.36,N/A,N/A,1.12,1.59,1.86,7.27,Dec 31,"Jun 30, 2014",8.35%,18.38%,4.54%,14.26%,5.56B,46.90,10.50%,1.29B,1.42B,513.00M,3.91,30.60%,130.00M,1.09,4.26B,108.16,0.94,32.58,985.00M,-197.50M,0.48,11.84%,6.78%,55.30,44.74,52.23,52.54,"564,802","658,425",119.48M,118.33M,0.50%,62.20%,4.19M,8.10,3.50%,3.98M,1.96,3.70%,1.94,3.70%,3.80%,71.00%,"Sep 1, 2014","Aug 13, 2014",2:1,"Dec 4, 1995"
"Friday October 17, 2014"
"Friday October 17, 2014"
"Friday October 17, 2014","<span id=""yfs_j10_ge"">250.25B</span>",611.80B,19.58,13.81,1.90,1.67,1.82,4.19,21.63,Dec 31,"Jun 30, 2014",8.86%,11.54%,1.61%,11.12%,146.12B,14.49,3.30%,66.23B,28.28B,14.85B,1.27,13.20%,10.24B,1.02,378.72B,270.38,2.66,13.36,26.86B,17.33B,1.14,-5.09%,6.78%,28.09,23.69,25.53,26.13,"30,076,100","43,671,900",10.03B,10.02B,0.04%,56.10%,55.90M,2.10,0.60%,60.51M,0.88,3.70%,0.88,3.60%,3.30%,67.00%,"Oct 27, 2014","Sep 18, 2014",3:1,"May 8, 2000"
"Friday October 17, 2014","<span id=""yfs_j10_gis"">29.78B</span>",37.98B,18.39,15.56,2.53,1.66,4.77,2.13,11.46,May 25,"Aug 24, 2014",9.61%,15.33%,7.37%,21.91%,17.81B,28.67,-2.40%,6.37B,3.31B,1.71B,2.68,-24.80%,841.20M,1.39,9.32B,121.96,0.81,10.25,2.49B,1.62B,0.42,-0.67%,6.78%,55.64,46.70,51.36,52.61,"2,940,180","3,497,060",603.75M,601.30M,0.11%,70.90%,13.86M,3.90,2.30%,15.44M,1.64,3.30%,1.61,3.30%,2.90%,59.00%,"Nov 3, 2014","Oct 8, 2014",2:1,"Jun 9, 2010"
"Friday October 17, 2014","<span id=""yfs_j10_gm"">48.99B</span>",59.72B,25.61,6.94,0.71,0.31,1.23,0.38,6.35,Dec 31,"Jun 30, 2014",2.08%,2.15%,1.23%,8.15%,156.52B,104.00,1.50%,18.05B,9.41B,1.92B,1.19,-80.30%,28.40B,17.70,40.08B,94.11,1.27,24.30,12.72B,1.21B,1.69,-16.58%,6.78%,41.85,28.82,32.92,34.57,"13,830,500","22,136,900",1.60B,1.35B,41.57%,48.30%,38.13M,3.00,2.40%,32.41M,1.20,4.00%,0.90,3.00%,N/A,68.00%,"Dec 23, 2014","Dec 8, 2014",N/A,N/A
"Friday October 17, 2014","<span id=""yfs_j10_gild"">153.16B</span>",147.16B,22.95,10.70,0.52,8.40,9.17,8.44,14.02,Dec 31,"Jun 30, 2014",42.80%,56.15%,22.74%,53.55%,17.44B,11.37,136.10%,8.34B,10.50B,7.46B,4.41,373.20%,8.80B,5.82,9.50B,57.73,2.49,10.57,7.23B,5.85B,0.98,42.03%,6.78%,110.64,63.50,105.25,89.13,"14,425,100","18,090,200",1.51B,1.50B,0.84%,98.70%,48.00M,3.20,3.10%,62.40M,N/A,N/A,N/A,N/A,N/A,N/A,N/A,N/A,2:1,"Jan 28, 2013"
"Friday October 17, 2014","<span id=""yfs_j10_gsk"">104.87B</span>",125.92B,14.18,13.65,3.74,2.64,10.59,3.22,10.51,Dec 31,"Jun 30, 2014",19.33%,26.06%,9.90%,69.98%,39.07B,16.24,-16.00%,29.68B,11.98B,7.55B,3.08,-37.40%,5.13B,2.13,28.05B,258.19,1.11,4.05,9.47B,4.30B,0.87,-15.97%,6.78%,56.73,41.91,46.42,51.00,"5,143,200","6,991,360",2.40B,2.33B,N/A,N/A,6.11M,1.20,N/A,10.52M,2.59,6.00%,2.65,6.20%,4.90%,79.00%,"Oct 2, 2014","Aug 6, 2014",2:1,"Nov 12, 1991"
"Friday October 17, 2014","<span id=""yfs_j10_g"">3.43B</span>",3.88B,17.01,13.42,1.24,1.57,2.84,1.78,10.19,Dec 31,"Jun 30, 2014",10.02%,14.00%,7.09%,18.41%,2.18B,9.59,5.00%,812.43M,380.59M,218.70M,0.93,-23.30%,376.80M,1.74,835.29M,69.27,1.78,5.57,296.99M,183.48M,1.00,-20.15%,6.78%,20.36,13.68,16.78,17.21,"531,214","487,662",216.33M,157.84M,0.32%,57.20%,439.68K,0.90,0.40%,318.78K,N/A,N/A,N/A,N/A,N/A,N/A,"Sep 24, 2012","Sep 6, 2012",N/A,N/A
"Friday October 17, 2014","<span id=""yfs_j10_gs"">80.76B</span>",-234.07B,11.32,10.17,1.24,2.33,1.09,-6.89,N/A,Dec 31,"Jun 30, 2014",23.32%,35.71%,0.88%,9.89%,33.96B,73.01,6.00%,34.21B,N/A,7.56B,15.58,5.50%,717.28B,"1,566.80",401.10B,490.10,1.57,158.21,-4.78B,N/A,1.79,8.75%,6.78%,189.50,151.65,182.22,169.65,"2,747,670","4,562,720",457.80M,408.13M,7.36%,68.20%,8.71M,3.50,2.00%,8.60M,2.20,1.20%,2.20,1.30%,1.20%,14.00%,"Sep 29, 2014","Aug 27, 2014",N/A,N/A
"Friday October 17, 2014","<span id=""yfs_j10_goog"">348.77B</span>",304.79B,26.72,17.52,1.31,5.45,3.70,4.68,15.69,Dec 31,"Jun 30, 2014",20.29%,23.41%,8.56%,14.95%,65.14B,97.06,21.70%,N/A,19.42B,13.05B,19.30,6.00%,58.32B,86.22,8.33B,8.70,4.56,141.66,20.34B,5.48B,1.15,N/A,6.78%,604.83,502.80,571.96,561.51,"1,646,750","2,708,440",676.39M,569.58M,0.19%,86.70%,2.00M,1.30,N/A,2.14M,N/A,N/A,N/A,N/A,N/A,N/A,N/A,N/A,N/A,N/A
"Friday October 17, 2014"
"Friday October 17, 2014"
"Friday October 17, 2014","<span id=""yfs_j10_hal"">45.04B</span>",48.85B,15.83,10.18,0.61,1.43,2.99,1.60,7.60,Dec 31,"Jun 30, 2014",9.49%,14.47%,9.53%,19.20%,30.51B,35.58,10.00%,4.47B,6.43B,2.88B,3.35,20.20%,2.48B,2.92,7.82B,53.58,2.64,17.13,5.05B,1.86B,1.37,-2.48%,6.78%,74.33,47.60,62.99,65.48,"9,368,280","23,375,200",850.53M,846.78M,0.27%,81.60%,11.27M,1.50,1.30%,13.22M,0.60,1.20%,0.60,1.20%,1.10%,17.00%,"Sep 24, 2014","Aug 29, 2014",2:1,"Jul 17, 2006"
"Friday October 17, 2014"
"Friday October 17, 2014","<span id=""yfs_j10_hcp"">19.37B</span>",28.47B,19.24,13.43,3.84,9.12,1.82,13.29,16.29,Dec 31,"Jun 30, 2014",46.90%,61.47%,4.10%,8.46%,2.14B,4.69,4.70%,2.10B,1.75B,903.36M,2.19,2.60%,54.07M,0.12,8.69B,79.16,20.30,23.46,1.19B,942.56M,0.44,0.09%,6.78%,43.86,35.50,41.33,41.45,"2,267,170","2,990,260",458.82M,456.36M,0.28%,95.30%,10.41M,3.90,2.60%,11.66M,2.18,5.10%,2.16,5.10%,5.20%,98.00%,"Aug 26, 2014","Aug 7, 2014",2:1,"Mar 2, 2004"
"Friday October 17, 2014"
"Friday October 17, 2014","<span id=""yfs_j10_hei-a"">2.82B</span>",3.19B,24.05,22.46,N/A,2.50,4.20,2.83,13.11,Oct 31,"Jul 31, 2014",10.55%,17.39%,8.47%,18.14%,1.13B,16.98,8.90%,N/A,243.26M,118.98M,1.76,15.30%,20.94M,0.32,386.33M,49.32,3.19,10.11,166.78M,133.84M,0.95,6.25%,6.78%,48.90,36.77,41.20,41.20,"32,828","36,250",66.52M,56.35M,22.68%,10.00%,100.84K,2.60,0.40%,88.60K,0.10,0.30%,0.47,1.10%,N/A,N/A,"Jul 21, 2014","Jan 3, 2012",5:4,"Oct 23, 2013"
"Friday October 17, 2014","<span id=""yfs_j10_hes"">24.48B</span>",28.04B,7.09,16.57,1.57,1.13,1.00,1.31,4.82,Dec 31,"Jun 30, 2014",17.14%,10.65%,3.45%,10.71%,21.36B,65.96,-7.30%,8.80B,5.81B,2.57B,11.15,-34.90%,2.20B,7.12,6.08B,24.95,1.67,78.32,4.87B,1.06B,1.92,-7.16%,6.78%,104.50,72.86,93.57,93.65,"2,558,820","5,098,350",309.70M,262.10M,10.96%,79.00%,3.66M,1.70,1.30%,4.82M,1.00,1.30%,1.00,1.30%,0.80%,9.00%,"Sep 30, 2014","Sep 12, 2014",3:1,"Jun 1, 2006"
"Friday October 17, 2014","<span id=""yfs_j10_hpq"">63.36B</span>",68.81B,12.76,8.65,1.92,0.57,2.22,0.61,5.22,Oct 31,"Jul 31, 2014",4.54%,7.86%,5.27%,18.92%,112.18B,59.15,1.30%,25.92B,13.20B,5.10B,2.66,-29.10%,14.47B,7.76,19.83B,68.62,1.16,15.29,12.45B,9.61B,1.42,44.80%,6.78%,38.25,23.23,35.88,34.39,"11,376,100","18,085,300",1.87B,1.86B,0.08%,77.90%,28.36M,3.20,1.50%,27.63M,0.64,2.00%,0.61,1.80%,1.90%,22.00%,"Oct 1, 2014","Sep 8, 2014",2:1,"Oct 30, 2000"
"Friday October 17, 2014"
"Friday October 17, 2014"
"Friday October 17, 2014"
"Friday October 17, 2014","<span id=""yfs_j10_hon"">70.41B</span>",68.14B,17.68,14.73,1.50,1.69,3.62,1.71,10.14,Dec 31,"Jun 30, 2014",10.14%,14.40%,8.10%,25.04%,39.97B,50.89,5.80%,10.69B,6.72B,4.05B,5.09,7.60%,8.71B,11.13,9.24B,48.64,1.57,23.89,4.77B,2.80B,1.17,7.47%,16.33%,98.09,82.89,94.27,93.61,"2,737,520","2,972,880",782.54M,780.21M,0.13%,82.10%,4.00M,1.60,0.60%,4.52M,1.80,2.10%,1.80,2.10%,2.50%,35.00%,"Sep 10, 2014","Aug 19, 2014",2:1,"Sep 16, 1997"
"Friday October 17, 2014"
"Friday October 17, 2014"
"Friday October 17, 2014"
"Friday October 17, 2014"
"Friday October 17, 2014"
"Friday October 17, 2014"
"Friday October 17, 2014","<span id=""yfs_j10_imo"">38.91B</span>",43.88B,11.28,10.61,1.19,1.29,2.03,1.47,9.23,Dec 31,"Jun 30, 2014",11.45%,12.82%,7.31%,20.00%,29.95B,35.34,19.20%,6.74B,4.75B,3.43B,4.07,276.80%,151.07M,0.18,5.36B,28.20,0.68,22.42,3.57B,-2.32B,1.38,1.69%,6.78%,54.09,40.20,48.67,49.86,"188,686","264,475",848.00M,257.26M,0.01%,16.30%,7.28M,43.20,2.80%,8.24M,0.48,1.10%,0.48,1.10%,1.10%,11.00%,N/A,"Sep 2, 2014",3:1,"May 30, 2006"
"Friday October 17, 2014"
"Friday October 17, 2014"
"Friday October 17, 2014","<span id=""yfs_j10_pe"">2.03B</span>",2.05B,N/A,20.09,0.62,9.21,2.61,9.37,16.41,Dec 31,"Jun 30, 2014",-9.55%,30.05%,N/A,N/A,218.22M,2.32,209.70%,N/A,124.61M,-20.83M,N/A,N/A,523.52M,4.69,558.90M,62.10,3.61,6.89,79.06M,N/A,N/A,N/A,6.78%,25.70,15.16,20.20,21.95,"1,252,540","1,473,550",111.71M,71.20M,N/A,N/A,4.12M,3.10,6.20%,3.64M,N/A,N/A,N/A,N/A,N/A,N/A,N/A,N/A,N/A,N/A
"Friday October 17, 2014","<span id=""yfs_j10_info"">62.33K</span>",N/A,N/A,N/A,N/A,0.00,N/A,NaN,N/A,Dec 31,"Sep 30, 2008",-61.76%,-70.97%,-49.35%,-103.15%,18.82M,3.02,140.40%,2.82M,-11.29M,-13.67M,-2.05,N/A,6.82M,1.09,0.00,N/A,2.29,-0.60,-13.54M,4.32M,N/A,N/A,6.78%,0.05,0.01,N/A,N/A,N/A,N/A,6.23M,N/A,N/A,N/A,N/A,N/A,N/A,N/A,N/A,N/A,N/A,N/A,N/A,N/A,N/A,N/A,105:100,"Nov 9, 2012"
"Friday October 17, 2014"
"Friday October 17, 2014"
"Friday October 17, 2014","<span id=""yfs_j10_intc"">153.09B</span>",148.22B,14.94,13.35,1.53,2.74,2.64,2.70,6.37,Dec 28,"Sep 27, 2014",19.40%,26.91%,10.18%,18.98%,54.98B,11.10,7.90%,31.52B,23.26B,10.67B,2.10,12.40%,15.59B,3.20,13.27B,23.28,2.02,11.68,N/A,N/A,1.03,29.19%,6.78%,35.56,23.40,34.13,30.81,"32,284,500","52,573,500",4.88B,4.87B,0.07%,62.30%,124.19M,4.70,2.50%,124.60M,0.90,2.80%,0.90,2.90%,3.40%,43.00%,"Dec 1, 2014","Nov 5, 2014",2:1,"Jul 31, 2000"
"Friday October 17, 2014","<span id=""yfs_j10_ibm"">182.17B</span>",216.15B,11.52,9.24,1.22,1.83,10.32,2.20,8.59,Dec 31,"Jun 30, 2014",17.04%,20.83%,10.68%,94.62%,98.27B,93.63,-2.20%,48.50B,25.16B,16.75B,15.85,28.20%,9.72B,9.75,46.47B,265.35,1.14,17.42,17.19B,9.34B,0.86,3.49%,6.78%,199.21,172.19,189.53,189.12,"3,288,890","4,210,940",997.59M,995.83M,0.10%,60.00%,26.99M,8.80,2.60%,27.44M,4.40,2.40%,4.10,2.30%,1.80%,25.00%,"Sep 10, 2014","Aug 6, 2014",2:1,"May 27, 1999"
"Friday October 17, 2014","<span id=""yfs_j10_isp"">96.62B</span>",105.24B,N/A,N/A,N/A,2.89,1.56,3.14,N/A,Dec 31,"Jun 30, 2014",-0.77%,10.44%,0.21%,4.25%,33.54B,6.90,4.80%,N/A,N/A,2.58B,-0.11,19.20%,243.29B,63.18,251.64B,400.14,1.35,16.13,-11.45B,N/A,N/A,8.35%,6.78%,25.65,22.94,25.27,25.28,"20,931","24,338",3.85B,3.85B,N/A,N/A,N/A,N/A,N/A,N/A,N/A,N/A,1.55,6.20%,N/A,N/A,"Oct 15, 2014",N/A,N/A,N/A
"Friday October 17, 2014","<span id=""yfs_j10_intu"">22.93B</span>",21.04B,25.76,21.73,2.21,4.98,7.28,4.67,14.17,Jul 31,"Jul 31, 2014",20.13%,29.16%,15.37%,26.06%,4.51B,15.81,12.60%,3.86B,1.48B,861.00M,3.12,N/A,1.91B,6.70,499.00M,16.21,1.84,10.80,1.45B,1.17B,0.86,14.40%,6.78%,88.79,68.58,83.79,80.29,"1,630,490","1,979,000",285.54M,271.56M,4.68%,92.10%,7.17M,4.00,2.60%,6.92M,1.00,1.30%,0.82,1.00%,N/A,24.00%,"Oct 20, 2014","Oct 8, 2014",2:1,"Jul 7, 2006"
"Friday October 17, 2014"
"Friday October 17, 2014"
"Friday October 17, 2014","<span id=""yfs_j10_itc"">5.70B</span>",9.65B,22.33,17.62,1.74,5.56,3.62,9.49,13.74,Dec 31,"Jun 30, 2014",25.53%,57.54%,5.74%,16.92%,1.02B,6.51,14.50%,828.45M,701.84M,257.25M,1.63,14.60%,9.02M,0.06,4.01B,256.74,0.37,9.97,460.34M,-414.43M,0.08,9.55%,6.78%,38.43,29.92,36.24,36.53,"943,135","1,825,640",156.43M,153.74M,1.56%,100.80%,7.67M,10.90,4.90%,8.66M,0.65,1.90%,0.59,1.60%,2.10%,34.00%,"Sep 15, 2014","Aug 28, 2014",3:1,"Mar 3, 2014"
"Friday October 17, 2014","<span id=""yfs_j10_jnj"">278.28B</span>",258.45B,18.24,15.93,2.48,3.67,3.50,3.47,10.25,Dec 29,"Sep 28, 2014",23.27%,28.57%,N/A,N/A,74.43B,26.55,5.10%,48.97B,25.22B,17.32B,5.41,59.30%,31.62B,11.21,17.13B,21.95,N/A,27.65,N/A,N/A,0.61,5.62%,6.78%,108.77,86.09,104.21,102.31,"7,073,760","13,128,500",2.82B,2.82B,0.02%,68.50%,24.25M,3.90,0.90%,21.73M,2.80,2.90%,2.72,2.80%,3.30%,45.00%,"Sep 9, 2014","Aug 22, 2014",2:1,"Jun 13, 2001"
"Friday October 17, 2014","<span id=""yfs_j10_jci"">27.18B</span>",34.43B,27.51,11.16,0.91,0.62,2.29,0.79,8.23,Sep 30,"Jun 30, 2014",2.31%,7.29%,6.16%,11.26%,43.87B,65.33,3.00%,6.78B,4.18B,1.28B,1.48,-68.00%,165.00M,0.25,7.49B,60.99,1.11,17.74,2.30B,1.32B,1.71,-5.61%,6.78%,52.50,38.60,45.21,47.36,"3,326,460","4,845,800",666.08M,663.55M,0.16%,80.10%,7.71M,2.50,1.10%,7.06M,0.88,2.20%,0.88,2.20%,2.10%,57.00%,"Oct 2, 2014","Sep 3, 2014",3:1,"Oct 3, 2007"
"Friday October 17, 2014","<span id=""yfs_j10_jpm"">211.15B</span>",-192.00B,14.43,9.44,2.23,2.24,0.98,-2.08,N/A,Dec 31,"Sep 30, 2014",23.92%,36.92%,0.89%,10.10%,92.45B,24.51,-0.70%,96.38B,N/A,20.54B,3.90,N/A,1.06T,283.51,665.83B,N/A,N/A,56.24,N/A,N/A,1.81,1.44%,6.78%,61.85,51.30,59.60,57.48,"13,795,700","22,794,100",3.76B,3.73B,0.50%,74.10%,34.48M,2.70,0.90%,32.39M,1.60,2.80%,1.56,2.80%,1.90%,29.00%,"Oct 31, 2014","Oct 2, 2014",3:2,"Jun 12, 2000"
"Friday October 17, 2014"
"Friday October 17, 2014","<span id=""yfs_j10_k"">21.91B</span>",28.75B,11.99,14.92,2.57,1.47,5.73,1.96,7.56,Dec 28,"Jun 28, 2014",12.60%,22.32%,13.23%,57.40%,14.64B,40.57,-0.80%,6.10B,3.80B,1.84B,5.08,-16.20%,290.00M,0.81,7.53B,197.40,0.81,10.42,1.76B,2.09B,0.78,-2.77%,6.78%,69.50,55.69,62.45,65.01,"1,797,060","1,823,740",360.12M,332.09M,16.02%,80.50%,5.24M,3.20,2.10%,6.38M,1.96,3.30%,1.87,3.10%,3.10%,36.00%,"Sep 15, 2014","Aug 28, 2014",2:1,"Aug 25, 1997"
"Friday October 17, 2014","<span id=""yfs_j10_kmb"">39.64B</span>",45.04B,19.06,16.33,2.64,1.85,8.51,2.13,10.94,Dec 31,"Jun 30, 2014",10.06%,15.34%,10.45%,46.02%,21.19B,55.80,1.40%,7.24B,4.12B,2.13B,5.56,-3.20%,1.37B,3.66,7.13B,145.69,1.17,12.34,3.14B,1.85B,0.22,5.91%,6.78%,114.45,98.00,107.21,109.49,"1,607,060","1,846,620",373.92M,372.45M,0.28%,69.80%,5.24M,3.50,1.40%,5.36M,3.36,3.20%,3.33,3.20%,3.70%,59.00%,"Oct 2, 2014","Sep 3, 2014",2:1,"Apr 3, 1997"
"Friday October 17, 2014"
"Friday October 17, 2014"
"Friday October 17, 2014","<span id=""yfs_j10_krft"">32.61B</span>",40.94B,13.66,16.16,2.16,1.79,5.92,2.26,8.79,Dec 28,"Jun 28, 2014",13.40%,23.64%,11.52%,49.68%,18.10B,30.42,0.70%,6.82B,4.66B,2.42B,4.02,-41.90%,1.37B,2.31,10.01B,183.20,1.07,9.19,2.07B,2.36B,1.15,1.30%,6.78%,61.10,50.54,56.97,57.64,"2,777,140","3,837,450",593.97M,592.73M,0.18%,72.80%,6.09M,2.50,1.00%,6.76M,2.20,3.90%,2.13,3.90%,N/A,39.00%,"Oct 31, 2014","Oct 15, 2014",N/A,N/A
"Friday October 17, 2014"
"Friday October 17, 2014"
"Friday October 17, 2014","<span id=""yfs_j10_lin"">1.30B</span>",2.19B,8.03,26.28,7.43,1.83,10.64,3.13,12.55,Dec 31,"Jun 30, 2014",23.43%,15.13%,5.38%,470.67%,702.03M,13.18,14.90%,401.28M,174.87M,164.48M,2.92,51.50%,20.70M,0.37,931.22M,702.90,1.81,2.17,67.75M,-88.41M,2.06,-7.00%,6.78%,29.24,19.44,22.98,24.80,"301,298","81,638",55.60M,32.50M,N/A,N/A,1.24M,4.20,4.50%,1.20M,N/A,N/A,N/A,N/A,N/A,N/A,N/A,N/A,N/A,N/A
"Friday October 17, 2014"
"Friday October 17, 2014","<span id=""yfs_j10_lmt"">55.62B</span>",57.77B,18.04,14.89,1.63,1.23,12.74,1.29,10.02,Dec 31,"Jun 29, 2014",7.10%,11.15%,8.20%,125.75%,44.84B,140.42,-0.90%,4.19B,5.77B,3.15B,9.79,3.50%,3.44B,10.91,6.17B,142.83,1.17,13.71,4.92B,3.98B,0.56,35.55%,6.78%,184.09,125.09,176.33,167.19,"1,384,070","1,665,350",315.00M,267.58M,0.10%,87.60%,4.84M,3.60,2.10%,4.67M,6.00,3.40%,5.32,3.00%,4.20%,53.00%,"Dec 26, 2014","Nov 26, 2014",2:1,"Jan 4, 1999"
"Friday October 17, 2014"
"Friday October 17, 2014","<span id=""yfs_j10_low"">51.86B</span>",59.74B,21.94,16.71,1.15,0.93,4.53,1.09,9.77,Jan 31,"Aug 1, 2014",4.52%,8.28%,8.49%,20.30%,54.62B,53.39,5.70%,18.48B,6.11B,2.45B,2.40,10.40%,1.13B,1.14,10.12B,90.01,1.11,11.34,4.68B,3.62B,1.09,7.87%,6.78%,54.81,44.13,53.17,48.97,"5,257,150","7,532,500",987.11M,984.65M,0.16%,79.40%,18.37M,3.80,1.80%,22.41M,0.92,1.80%,0.77,1.50%,1.80%,32.00%,"Nov 5, 2014","Oct 20, 2014",2:1,"Jul 3, 2006"
"Friday October 17, 2014","<span id=""yfs_j10_mc"">466.17M</span>",310.28M,N/A,16.22,N/A,0.94,6.66,0.62,N/A,Dec 31,"Jun 30, 2014",-6.09%,19.15%,N/A,N/A,499.23M,32.66,33.70%,N/A,N/A,-30.40M,-1.99,N/A,158.01M,10.43,0.00,N/A,2.42,4.64,203.89M,N/A,N/A,N/A,6.78%,37.37,25.75,33.98,32.29,"71,868","49,913",15.16M,12.83M,N/A,N/A,435.17K,8.50,N/A,415.70K,0.80,2.50%,0.20,0.70%,N/A,N/A,"Sep 8, 2014","Aug 21, 2014",N/A,N/A
"Friday October 17, 2014","<span id=""yfs_j10_mro"">22.80B</span>",27.86B,8.97,13.20,1.76,1.58,1.13,1.95,3.61,Dec 31,"Jun 30, 2014",18.45%,32.28%,8.11%,10.04%,14.27B,20.61,-3.70%,12.17B,7.72B,1.95B,3.77,26.80%,1.17B,1.73,6.43B,32.36,1.06,29.52,5.43B,1.27B,1.59,-5.05%,6.78%,41.92,31.35,38.11,37.98,"5,476,530","8,104,440",674.48M,672.18M,0.24%,1.60%,10.38M,2.00,1.70%,11.60M,0.84,2.60%,0.78,2.30%,3.20%,20.00%,"Sep 10, 2014","Aug 18, 2014",16:77,"Jul 1, 2011"
"Friday October 17, 2014","<span id=""yfs_j10_mmc"">27.52B</span>",28.60B,19.66,16.33,1.46,2.15,3.33,2.27,11.06,Dec 31,"Jun 30, 2014",11.34%,17.55%,8.28%,19.42%,12.61B,22.99,6.90%,12.26B,2.58B,1.43B,2.57,11.10%,2.01B,3.69,3.54B,43.08,1.82,14.93,1.76B,1.15B,0.93,9.18%,6.78%,53.64,44.25,52.11,50.89,"2,060,400","3,831,020",544.32M,542.60M,0.12%,84.30%,4.73M,3.10,0.90%,5.20M,1.12,2.20%,1.06,2.10%,2.80%,39.00%,"Nov 17, 2014","Oct 8, 2014",2:1,"Jul 1, 2002"
"Friday October 17, 2014","<span id=""yfs_j10_mdt"">60.63B</span>",59.37B,N/A,14.18,2.33,3.54,3.15,3.48,10.58,Apr 25,"Jul 25, 2014",17.46%,27.84%,8.20%,15.80%,17.08B,17.12,4.70%,12.67B,5.61B,2.98B,N/A,-8.60%,13.97B,14.26,12.80B,66.50,3.82,19.65,4.29B,3.42B,N/A,9.22%,6.78%,67.11,53.33,64.24,62.29,"8,708,020","12,092,000",979.52M,978.20M,0.16%,79.70%,72.58M,8.60,8.30%,67.97M,N/A,N/A,1.17,1.90%,2.10%,39.00%,"Oct 24, 2014","Oct 1, 2014",2:1,"Sep 27, 1999"
"Friday October 17, 2014","<span id=""yfs_j10_mrk"">156.64B</span>",163.81B,28.61,15.21,2.81,3.54,3.20,3.76,10.27,Dec 31,"Jun 30, 2014",12.89%,22.36%,5.95%,11.62%,43.55B,14.89,-0.70%,27.08B,15.95B,5.61B,1.90,121.20%,13.40B,4.64,23.08B,47.57,1.87,16.68,11.65B,10.12B,0.50,14.63%,6.78%,61.33,44.62,59.34,57.99,"8,975,060","13,513,100",2.88B,2.88B,0.03%,74.80%,23.07M,2.50,0.80%,24.45M,1.76,3.10%,1.76,3.30%,4.10%,92.00%,"Oct 7, 2014","Sep 11, 2014",2:1,"Feb 17, 1999"
"Friday October 17, 2014","<span id=""yfs_j10_met"">54.80B</span>",86.29B,12.40,8.05,1.19,0.76,0.77,1.22,9.80,Dec 31,"Jun 30, 2014",6.48%,11.69%,0.60%,7.04%,70.55B,62.96,13.50%,30.09B,8.81B,4.45B,3.93,172.10%,26.91B,23.93,59.37B,84.48,1.34,61.77,15.74B,8.51B,2.11,-3.22%,6.78%,57.57,46.15,53.46,53.26,"5,895,350","10,958,500",1.12B,938.20M,18.11%,74.30%,21.30M,4.30,2.30%,19.22M,1.40,2.90%,1.25,2.60%,2.10%,30.00%,"Sep 12, 2014","Aug 6, 2014",N/A,N/A
"Friday October 17, 2014","<span id=""yfs_j10_msft"">358.93B</span>",290.45B,16.56,13.71,2.19,4.06,3.92,3.35,9.04,Jun 30,"Jun 30, 2014",25.42%,32.12%,11.07%,26.17%,86.83B,10.46,17.50%,59.90B,32.13B,22.07B,2.63,-7.10%,84.94B,10.31,23.22B,25.86,2.50,10.90,32.23B,23.74B,0.69,22.25%,6.78%,47.57,33.57,45.84,42.75,"34,733,300","41,203,800",8.24B,7.52B,8.83%,68.30%,100.34M,2.40,N/A,76.83M,1.24,2.80%,1.12,2.60%,2.50%,41.00%,"Dec 11, 2014","Nov 18, 2014",2:1,"Feb 18, 2003"
"Friday October 17, 2014"
"Friday October 17, 2014"
"Friday October 17, 2014"
"Friday October 17, 2014"
"Friday October 17, 2014","<span id=""yfs_j10_mon"">56.18B</span>",61.37B,21.32,16.34,1.62,3.53,7.10,3.87,12.88,Aug 31,"Aug 31, 2014",17.28%,25.70%,11.94%,26.64%,15.86B,30.53,19.40%,7.65B,4.77B,2.73B,5.22,N/A,2.30B,4.55,7.76B,98.07,1.89,15.59,3.05B,1.31B,1.31,4.65%,6.78%,128.79,102.88,112.39,116.26,"4,199,070","6,362,600",505.20M,503.65M,0.12%,85.90%,28.14M,7.50,5.40%,31.38M,1.96,1.80%,1.78,1.60%,1.60%,33.00%,"Oct 31, 2014","Oct 8, 2014",2:1,"Jul 31, 2006"
"Friday October 17, 2014","<span id=""yfs_j10_ms"">65.12B</span>",-168.80B,15.60,11.45,0.53,1.92,0.97,-5.08,N/A,Dec 31,"Jun 30, 2014",13.23%,28.45%,0.57%,6.72%,33.22B,17.33,0.70%,32.42B,N/A,4.14B,2.13,93.80%,602.21B,306.72,368.44B,510.30,1.23,33.46,23.03B,N/A,2.60,9.57%,6.78%,36.44,28.31,34.42,32.21,"9,516,580","14,111,900",1.96B,1.53B,6.65%,77.90%,20.45M,2.00,1.50%,17.09M,0.40,1.20%,0.30,0.90%,0.90%,12.00%,"Aug 15, 2014","Jul 29, 2014",2:1,"Jan 27, 2000"
"Friday October 17, 2014","<span id=""yfs_j10_mtn"">3.02B</span>",3.58B,108.25,27.04,0.94,2.39,3.65,2.85,13.24,Jul 31,"Jul 31, 2014",2.27%,10.34%,3.62%,3.37%,1.25B,34.73,20.60%,1.25B,270.27M,28.48M,0.77,N/A,44.41M,1.23,626.62M,75.06,0.85,22.67,245.88M,62.63M,0.95,16.32%,6.78%,89.99,64.47,83.73,75.55,"192,402","281,175",36.22M,35.87M,1.35%,106.90%,1.20M,4.20,3.40%,1.47M,1.66,2.00%,1.45,1.80%,N/A,158.00%,"Oct 22, 2014","Oct 3, 2014",N/A,N/A
"Friday October 17, 2014"
"Friday October 17, 2014"
"Friday October 17, 2014"
"Friday October 17, 2014"
"Friday October 17, 2014"
"Friday October 17, 2014"
"Friday October 17, 2014","<span id=""yfs_j10_nem"">11.21B</span>",16.38B,N/A,17.94,-1.80,1.48,1.11,2.14,4.79,Dec 31,"Jun 30, 2014",-5.72%,30.94%,5.75%,-4.20%,7.64B,15.34,-12.50%,3.14B,3.42B,-405.00M,-0.88,N/A,1.74B,3.48,6.78B,51.83,2.38,20.51,1.38B,612.25M,0.57,-15.60%,6.78%,28.71,20.79,24.23,24.62,"6,242,430","8,424,510",498.76M,497.62M,0.43%,79.70%,12.75M,2.00,2.90%,12.69M,0.10,0.40%,0.40,1.80%,2.10%,N/A,"Sep 26, 2014","Sep 9, 2014",3:2,"Oct 9, 1987"
"Friday October 17, 2014","<span id=""yfs_j10_fox"">69.71B</span>",82.76B,15.99,13.57,0.71,2.17,4.00,2.60,12.48,Jun 30,"Jun 30, 2014",14.17%,17.22%,6.49%,18.61%,31.87B,14.07,16.80%,N/A,6.63B,3.78B,1.99,N/A,5.42B,2.47,19.06B,88.88,1.74,7.89,3.54B,2.19B,1.17,-7.75%,6.78%,35.65,30.02,33.39,33.29,"4,488,450","4,570,020",2.19B,1.86B,N/A,N/A,1.10M,0.40,0.20%,1.13M,0.25,0.80%,0.25,0.80%,0.90%,13.00%,"Oct 15, 2014","Sep 8, 2014",1:1,"Jul 2, 2013"
"Friday October 17, 2014","<span id=""yfs_j10_nke"">75.46B</span>",71.75B,27.43,21.25,1.81,2.60,6.77,2.49,16.16,May 31,"Aug 31, 2014",9.98%,13.35%,13.29%,25.69%,28.81B,32.84,14.50%,12.45B,4.44B,2.88B,3.19,23.50%,4.58B,5.32,1.35B,12.13,2.81,12.85,2.97B,2.30B,0.64,14.63%,6.78%,90.50,69.85,83.88,77.77,"3,923,960","4,909,510",861.51M,681.90M,0.24%,83.60%,6.09M,1.20,1.10%,8.20M,0.96,1.10%,0.96,1.10%,1.40%,30.00%,"Oct 6, 2014","Aug 28, 2014",2:1,"Dec 26, 2012"
"Friday October 17, 2014"
"Friday October 17, 2014"
"Friday October 17, 2014","<span id=""yfs_j10_nbl"">20.52B</span>",24.72B,28.37,17.17,2.02,3.88,2.14,4.68,8.32,Dec 31,"Jun 30, 2014",13.85%,20.58%,3.52%,7.69%,5.28B,14.64,20.30%,4.16B,2.97B,709.00M,2.00,-49.10%,958.00M,2.65,5.22B,54.63,1.02,26.47,3.45B,-1.66B,1.71,-21.90%,6.78%,79.63,52.65,67.13,70.99,"2,725,360","3,695,480",361.00M,354.08M,1.70%,94.60%,8.27M,4.10,2.80%,7.73M,0.72,1.30%,0.64,1.10%,0.90%,30.00%,"Aug 18, 2014","Jul 31, 2014",2:1,"May 29, 2013"
"Friday October 17, 2014"
"Friday October 17, 2014"
"Friday October 17, 2014","<span id=""yfs_j10_nsc"">32.97B</span>",40.15B,17.35,14.45,1.40,2.84,2.69,3.51,9.23,Dec 31,"Jun 30, 2014",16.83%,29.78%,6.69%,17.29%,11.44B,36.95,8.60%,7.18B,4.35B,1.92B,6.14,20.90%,1.67B,5.39,9.38B,77.67,1.38,39.02,3.01B,947.50M,1.14,31.18%,6.78%,113.50,78.94,108.68,102.52,"1,632,230","2,806,050",309.52M,308.23M,0.32%,66.60%,4.44M,3.20,1.30%,4.53M,2.28,2.20%,2.17,2.10%,2.50%,34.00%,"Sep 10, 2014","Jul 30, 2014",3:1,"Oct 10, 1997"
"Friday October 17, 2014"
"Friday October 17, 2014"
"Friday October 17, 2014"
"Friday October 17, 2014"
"Friday October 17, 2014","<span id=""yfs_j10_oxy"">69.22B</span>",71.84B,11.71,13.11,2.27,2.70,1.56,2.88,4.97,Dec 31,"Jun 30, 2014",24.20%,32.02%,7.26%,14.15%,24.98B,31.42,5.20%,16.89B,14.46B,6.04B,7.59,8.20%,2.39B,3.07,6.84B,15.60,1.22,55.53,12.27B,1.74B,1.99,-12.06%,6.78%,105.64,82.30,96.61,98.48,"3,973,270","6,683,840",779.63M,768.07M,1.47%,79.90%,7.09M,1.80,0.90%,7.52M,2.88,3.30%,2.80,3.20%,2.10%,36.00%,"Jan 15, 2015","Dec 8, 2014",2:1,"Aug 16, 2006"
"Friday October 17, 2014"
"Friday October 17, 2014"
"Friday October 17, 2014","<span id=""yfs_j10_pson"">13.56M</span>",13.24M,N/A,N/A,N/A,N/A,13.27,NaN,-8.42,Dec 31,"Jun 30, 2014",N/A,N/A,-38.87%,-86.92%,N/A,N/A,N/A,N/A,-1.57M,-1.56M,-0.02,N/A,685.70K,0.01,200.00K,15.56,1.06,0.01,-485.33K,-197.09K,N/A,-42.52%,6.78%,0.34,0.10,0.19,0.17,"181,002","244,488",80.74M,46.11M,49.29%,1.00%,N/A,N/A,N/A,N/A,N/A,N/A,N/A,N/A,N/A,N/A,N/A,N/A,N/A,N/A
"Friday October 17, 2014","<span id=""yfs_j10_pep"">137.15B</span>",155.71B,20.27,18.70,2.54,2.03,5.88,2.33,12.18,Dec 28,"Sep 6, 2014",10.39%,15.47%,8.22%,30.65%,66.85B,44.03,1.80%,35.17B,12.79B,6.94B,4.52,5.00%,12.91B,8.62,32.74B,141.21,1.16,15.44,9.72B,6.06B,0.28,9.37%,6.78%,96.22,77.01,92.69,89.17,"4,689,340","7,103,820",1.50B,1.49B,0.08%,70.20%,9.33M,2.30,0.60%,9.07M,2.62,2.90%,2.45,2.70%,3.00%,54.00%,"Sep 30, 2014","Sep 3, 2014",2:1,"May 29, 1996"
"Friday October 17, 2014"
"Friday October 17, 2014"
"Friday October 17, 2014","<span id=""yfs_j10_pfe"">176.05B</span>",179.52B,17.44,12.49,5.09,3.49,2.29,3.57,8.22,Dec 31,"Jun 29, 2014",20.66%,32.19%,5.75%,13.35%,50.33B,7.81,-1.50%,42.00B,21.83B,10.37B,1.59,-79.30%,34.13B,5.38,37.92B,49.27,2.66,12.08,18.73B,15.60B,0.72,-9.21%,6.78%,32.96,27.51,29.43,29.74,"24,183,100","30,682,000",6.34B,6.33B,0.02%,73.70%,59.97M,2.70,0.90%,64.14M,1.04,3.70%,1.02,3.70%,3.60%,62.00%,"Sep 3, 2014","Jul 30, 2014",3:1,"Jul 1, 1999"
"Friday October 17, 2014","<span id=""yfs_j10_pcg"">21.06B</span>",36.35B,27.61,14.05,2.12,1.32,1.40,2.27,9.41,Dec 31,"Jun 30, 2014",4.63%,10.70%,1.92%,5.04%,15.99B,35.03,4.70%,3.84B,3.86B,741.00M,1.62,-18.60%,132.00M,0.28,15.42B,100.90,0.93,31.91,3.25B,-3.04B,0.46,8.39%,6.78%,48.64,39.42,45.83,45.59,"2,755,460","4,043,760",471.41M,470.37M,0.05%,76.60%,13.84M,4.50,3.00%,13.00M,1.82,4.00%,1.82,4.10%,4.20%,113.00%,"Oct 15, 2014","Sep 26, 2014",2:1,"Jul 18, 1983"
"Friday October 17, 2014","<span id=""yfs_j10_pm"">133.11B</span>",161.16B,16.93,16.04,2.72,4.38,N/A,5.30,11.28,Dec 31,"Jun 30, 2014",26.46%,44.12%,22.84%,N/A,30.43B,19.13,-1.50%,20.81B,14.29B,8.01B,5.03,-12.90%,1.54B,0.99,29.51B,N/A,1.08,-5.94,9.06B,8.06B,1.03,-1.92%,6.78%,91.81,75.28,84.42,85.21,"4,109,840","5,768,660",1.56B,1.56B,0.26%,4.10%,8.94M,1.90,0.60%,8.21M,4.00,4.80%,3.82,4.50%,4.30%,75.00%,"Oct 10, 2014","Sep 23, 2014",N/A,N/A
"Friday October 17, 2014"
"Friday October 17, 2014"
"Friday October 17, 2014","<span id=""yfs_j10_pnc"">43.16B</span>",65.12B,10.86,10.86,2.05,2.82,1.04,4.31,N/A,Dec 31,"Jun 30, 2014",27.88%,36.20%,1.34%,9.64%,15.13B,28.51,-3.60%,N/A,N/A,3.96B,7.35,-5.60%,27.56B,50.99,50.05B,N/A,N/A,75.68,7.23B,N/A,0.92,5.10%,6.78%,90.00,72.85,84.79,85.00,"2,277,550","3,595,600",540.57M,538.69M,0.18%,81.50%,5.54M,2.90,1.00%,4.87M,1.92,2.40%,1.88,2.40%,1.80%,24.00%,"Nov 5, 2014","Oct 10, 2014",2:1,"Nov 16, 1992"
"Friday October 17, 2014"
"Friday October 17, 2014","<span id=""yfs_j10_pot"">26.51B</span>",30.32B,N/A,15.26,2.87,4.36,2.94,5.03,12.17,Dec 31,"Jun 30, 2014",23.17%,29.97%,6.36%,14.51%,6.03B,7.06,-13.20%,2.79B,2.49B,1.40B,N/A,-26.60%,107.00M,0.13,4.14B,46.28,1.19,10.79,2.60B,579.75M,N/A,-1.37%,6.78%,38.58,29.95,34.07,35.50,"4,124,090","6,311,090",829.28M,822.58M,N/A,N/A,24.26M,5.80,2.90%,26.21M,N/A,N/A,1.40,4.40%,1.50%,86.00%,"Nov 4, 2014","Oct 9, 2014",3:1,"Feb 25, 2011"
"Friday October 17, 2014"
"Friday October 17, 2014"
"Friday October 17, 2014","<span id=""yfs_j10_px"">36.23B</span>",44.73B,20.14,17.56,1.73,2.94,5.17,3.68,11.74,Dec 31,"Jun 30, 2014",15.08%,21.90%,8.18%,27.23%,12.16B,41.33,3.30%,5.18B,3.81B,1.83B,6.16,4.90%,173.00M,0.59,9.16B,122.20,1.24,23.67,3.25B,1.08B,0.75,-2.06%,6.78%,135.24,117.32,128.97,130.40,"1,140,220","1,592,840",292.03M,291.46M,0.11%,0.90%,5.65M,4.80,1.90%,4.78M,2.60,2.20%,2.55,2.10%,1.90%,41.00%,"Sep 15, 2014","Sep 4, 2014",2:1,"Dec 16, 2003"
"Friday October 17, 2014","<span id=""yfs_j10_pg"">224.79B</span>",248.78B,20.71,17.47,2.26,2.68,3.27,3.00,12.96,Jun 30,"Jun 30, 2014",14.02%,19.34%,7.08%,16.88%,83.06B,30.54,N/A,40.60B,19.20B,11.31B,4.01,N/A,10.69B,3.95,35.42B,50.61,0.94,25.12,13.96B,6.87B,0.53,3.56%,6.78%,85.82,75.26,83.71,81.47,"7,543,380","9,981,650",2.71B,2.70B,0.02%,34.40%,27.52M,3.90,1.00%,25.65M,2.57,3.10%,1.89,2.30%,3.30%,61.00%,"Aug 15, 2014","Oct 22, 2014",2:1,"Jun 21, 2004"
"Friday October 17, 2014","<span id=""yfs_j10_pru"">37.44B</span>",34.04B,13.13,7.98,0.84,0.76,0.88,0.71,5.24,Dec 31,"Jun 30, 2014",6.03%,12.63%,0.52%,7.62%,47.98B,103.61,34.50%,14.49B,6.49B,2.86B,6.20,N/A,47.76B,103.83,45.54B,108.93,1.37,89.48,11.61B,10.15B,1.87,-4.50%,6.78%,94.30,75.89,87.77,86.44,"2,368,740","3,307,990",460.00M,456.56M,0.18%,65.20%,4.14M,1.90,0.90%,4.21M,2.12,2.60%,2.12,2.70%,2.30%,34.00%,"Sep 18, 2014","Aug 22, 2014",N/A,N/A
"Friday October 17, 2014","<span id=""yfs_j10_pru"">37.44B</span>",34.04B,13.13,7.98,0.84,0.76,0.88,0.71,5.24,Dec 31,"Jun 30, 2014",6.03%,12.63%,0.52%,7.62%,47.98B,103.61,34.50%,14.49B,6.49B,2.86B,6.20,N/A,47.76B,103.83,45.54B,108.93,1.37,89.48,11.61B,10.15B,1.87,-4.50%,6.78%,94.30,75.89,87.77,86.44,"2,368,740","3,307,990",460.00M,456.56M,0.18%,65.20%,4.14M,1.90,0.90%,4.21M,2.12,2.60%,2.12,2.70%,2.30%,34.00%,"Sep 18, 2014","Aug 22, 2014",N/A,N/A
"Friday October 17, 2014"
"Friday October 17, 2014","<span id=""yfs_j10_qcom"">121.68B</span>",101.09B,N/A,13.01,1.13,4.54,3.08,3.85,11.36,Sep 29,"Jun 29, 2014",28.83%,29.59%,10.21%,18.70%,26.28B,15.55,9.00%,15.05B,8.90B,7.14B,N/A,41.60%,18.15B,10.83,11.00M,0.03,3.72,23.12,9.78B,7.12B,N/A,4.01%,6.78%,81.97,66.25,74.71,77.56,"9,505,760","11,684,600",1.68B,1.67B,1.25%,79.60%,16.05M,2.00,1.00%,18.12M,N/A,N/A,1.54,2.20%,1.70%,33.00%,"Sep 24, 2014","Aug 29, 2014",2:1,"Aug 16, 2004"
"Friday October 17, 2014","<span id=""yfs_j10_rtn"">30.05B</span>",30.18B,14.47,12.74,1.25,1.29,2.52,1.32,8.86,Dec 31,"Jun 29, 2014",9.45%,13.29%,7.22%,19.91%,22.92B,72.16,-6.80%,5.17B,3.40B,2.00B,6.69,12.90%,4.18B,13.44,4.74B,39.82,1.75,37.76,2.84B,2.17B,0.55,24.02%,6.78%,103.51,74.68,98.83,96.43,"1,680,860","2,089,910",310.72M,308.68M,0.43%,80.20%,6.00M,3.30,1.90%,5.54M,2.42,2.50%,2.37,2.50%,3.00%,42.00%,"Oct 30, 2014","Sep 29, 2014",2:1,"Oct 24, 1995"
"Friday October 17, 2014"
"Friday October 17, 2014"
"Friday October 17, 2014","<span id=""yfs_j10_rai"">30.84B</span>",34.90B,N/A,15.95,2.10,3.67,6.19,4.22,11.08,Dec 31,"Jun 30, 2014",19.39%,37.11%,12.44%,31.61%,8.27B,15.37,-0.80%,4.56B,3.15B,1.58B,N/A,6.70%,1.31B,2.47,5.89B,120.35,1.04,9.21,1.77B,1.84B,N/A,12.81%,6.78%,63.39,46.55,58.27,57.84,"2,194,960","2,553,820",531.28M,307.02M,42.33%,47.90%,10.97M,5.90,3.50%,10.44M,N/A,N/A,2.64,4.60%,5.80%,88.00%,"Oct 1, 2014","Sep 8, 2014",2:1,"Nov 16, 2010"
"Friday October 17, 2014","<span id=""yfs_j10_rio"">92.44B</span>",108.11B,14.63,9.67,0.54,1.81,1.88,2.12,5.50,Dec 31,"Jun 30, 2014",12.45%,27.79%,7.75%,6.46%,51.00B,27.60,-0.70%,15.07B,19.66B,6.35B,3.42,155.90%,10.10B,5.46,26.10B,45.18,1.64,26.48,15.02B,6.38B,1.61,-3.99%,6.78%,60.61,46.83,51.17,54.29,"3,275,870","6,288,350",1.85B,1.63B,N/A,N/A,19.95M,7.00,N/A,20.21M,1.92,3.80%,2.05,4.10%,2.00%,89.00%,"Sep 11, 2014","Aug 13, 2014",4:1,"Apr 30, 2010"
"Friday October 17, 2014","<span id=""yfs_j10_rog"">1.00B</span>",865.99M,19.80,16.91,1.40,1.74,1.68,1.50,8.75,Dec 31,"Jun 30, 2014",8.73%,12.52%,5.67%,9.48%,579.18M,32.76,15.90%,187.70M,99.01M,50.58M,2.77,95.90%,218.69M,11.98,77.80M,13.03,4.28,32.77,77.12M,64.19M,0.81,-5.63%,6.78%,68.34,51.40,56.51,60.49,"81,322","77,713",18.26M,17.92M,11.77%,81.40%,417.25K,5.90,2.30%,360.92K,N/A,N/A,N/A,N/A,N/A,N/A,N/A,"Jan 9, 1992",2:1,"May 30, 2000"
"Friday October 17, 2014"
"Friday October 17, 2014"
"Friday October 17, 2014","<span id=""yfs_j10_rbs"">62.57B</span>",-54.24B,N/A,0.23,N/A,3.12,0.64,-2.75,N/A,Dec 31,"Jun 30, 2014",-59.70%,-33.45%,-0.67%,-11.33%,19.70B,3.49,9.00%,N/A,N/A,-12.95B,-2.31,164.20%,810.51B,143.01,694.78B,N/A,N/A,16.92,85.18B,N/A,1.44,-3.08%,16.33%,12.47,9.80,11.71,11.21,"960,442","636,600",5.67B,2.58B,N/A,N/A,1.03M,0.80,N/A,1.59M,N/A,N/A,N/A,N/A,N/A,N/A,N/A,"May 29, 2008",1:20,"Nov 7, 2008"
"Friday October 17, 2014"
"Friday October 17, 2014"
"Friday October 17, 2014"
"Friday October 17, 2014"
"Friday October 17, 2014"
"Friday October 17, 2014","<span id=""yfs_j10_san"">104.13B</span>",242.48B,15.96,11.19,1.30,2.44,1.06,5.85,N/A,Dec 31,"Jun 30, 2014",14.86%,38.37%,0.50%,7.19%,41.44B,3.65,1.30%,N/A,N/A,6.16B,0.54,38.40%,214.21B,17.69,355.59B,N/A,N/A,7.85,1.39B,N/A,1.55,-10.12%,6.78%,10.75,8.15,9.58,9.93,"7,399,500","9,742,850",12.11B,11.90B,N/A,N/A,42.20M,5.40,N/A,37.34M,0.59,6.90%,0.81,9.70%,7.00%,107.00%,"Nov 13, 2014","Oct 15, 2014",2:1,"Jun 21, 1999"
"Friday October 17, 2014","<span id=""yfs_j10_sap"">82.49B</span>",80.76B,20.49,18.16,1.20,3.69,3.89,3.76,10.89,Dec 31,"Jun 30, 2014",18.66%,30.68%,11.70%,20.77%,21.49B,18.00,2.20%,16.28B,7.41B,4.01B,3.37,-23.20%,3.98B,3.34,5.37B,26.30,1.03,17.08,4.96B,5.10B,1.53,-9.90%,6.78%,87.42,65.49,73.85,77.03,"1,082,030","2,113,400",1.19B,929.43M,0.00%,23.20%,6.15M,6.50,N/A,7.37M,0.99,1.40%,1.38,2.10%,1.00%,27.00%,"May 29, 2014","May 22, 2014",4:1,"Jul 28, 1998"
"Friday October 17, 2014","<span id=""yfs_j10_sol"">245.40M</span>",1.06B,N/A,8.48,-7.37,0.15,1.57,0.64,10.04,Dec 31,"Jun 30, 2014",-12.81%,-0.02%,-0.01%,-90.30%,1.66B,16.82,2.60%,103.26M,105.67M,-212.68M,-2.15,N/A,58.13M,0.57,871.88M,554.31,0.67,1.55,-104.03M,-118.66M,4.05,-53.36%,6.78%,5.49,2.09,2.95,2.77,"1,810,630","1,973,110",101.83M,72.05M,55.27%,11.70%,7.16M,2.90,N/A,5.96M,N/A,N/A,N/A,N/A,N/A,N/A,N/A,N/A,N/A,N/A
"Friday October 17, 2014","<span id=""yfs_j10_slb"">122.16B</span>",124.05B,18.98,14.26,0.95,2.51,2.90,2.65,9.76,Dec 31,"Jun 30, 2014",14.03%,19.11%,8.52%,17.58%,46.81B,35.73,7.80%,9.94B,12.71B,6.77B,4.97,-23.90%,6.70B,5.17,13.24B,32.54,2.07,31.27,10.24B,5.47B,1.66,-3.56%,6.78%,118.76,84.91,101.13,105.04,"6,938,810","13,921,000",1.30B,1.29B,0.21%,77.90%,15.97M,2.40,1.20%,14.59M,1.60,1.80%,1.51,1.70%,1.40%,29.00%,"Oct 10, 2014","Aug 29, 2014",2:1,"Apr 10, 2006"
"Friday October 17, 2014","<span id=""yfs_j10_su"">48.84B</span>",54.10B,14.57,9.42,1.36,1.34,1.31,1.50,4.66,Dec 31,"Jun 30, 2014",9.37%,16.41%,5.31%,9.33%,36.13B,24.41,8.30%,19.76B,11.61B,3.39B,2.29,-69.00%,4.36B,2.97,10.14B,27.39,1.48,25.21,7.84B,2.18B,1.68,-10.01%,6.78%,43.49,31.07,37.14,39.04,"3,586,400","7,042,180",1.47B,1.46B,N/A,N/A,5.08M,1.50,N/A,6.59M,1.03,3.20%,0.87,2.60%,1.50%,34.00%,"Sep 25, 2014","Sep 2, 2014",2:1,"May 27, 2008"
"Friday October 17, 2014"
"Friday October 17, 2014"
"Friday October 17, 2014"
"Friday October 17, 2014"
"Friday October 17, 2014"
"Friday October 17, 2014","<span id=""yfs_j10_spg"">52.00B</span>",72.65B,36.29,17.26,3.57,9.63,9.96,13.55,18.74,Dec 31,"Jun 30, 2014",26.94%,47.09%,5.04%,26.86%,5.36B,17.27,8.90%,4.13B,3.88B,1.51B,4.61,19.60%,1.67B,5.36,21.90B,356.63,0.92,16.70,2.74B,1.45B,0.91,11.86%,6.78%,173.31,138.77,167.30,165.82,"1,319,120","1,803,850",310.76M,307.94M,0.83%,98.30%,6.19M,4.60,2.30%,7.07M,5.20,3.10%,4.83,2.90%,2.60%,106.00%,"Aug 29, 2014","Aug 13, 2014",N/A,N/A
"Friday October 17, 2014"
"Friday October 17, 2014"
"Friday October 17, 2014","<span id=""yfs_j10_se"">25.15B</span>",39.01B,23.60,23.63,7.80,4.29,2.88,6.72,15.08,Dec 31,"Jun 30, 2014",18.33%,30.72%,3.35%,11.61%,5.80B,8.66,2.70%,2.81B,2.59B,1.06B,1.59,-26.60%,304.00M,0.45,14.41B,130.96,0.70,12.90,2.04B,-509.38M,0.91,5.13%,6.78%,43.12,32.80,39.58,40.35,"3,203,400","5,677,110",670.89M,669.26M,0.16%,67.50%,12.38M,4.30,1.90%,14.00M,1.34,3.80%,1.31,3.50%,4.10%,81.00%,"Sep 9, 2014","Aug 8, 2014",N/A,N/A
"Friday October 17, 2014","<span id=""yfs_j10_sse"">741.70M</span>",2.30B,N/A,N/A,N/A,0.35,2.68,1.09,5.90,Dec 31,"Jun 30, 2014",-1.79%,4.67%,2.82%,-8.70%,2.12B,45.18,-5.80%,N/A,390.32M,-37.99M,-0.81,202.50%,8.48M,0.18,1.57B,587.49,1.77,5.70,314.14M,-93.68M,1.97,N/A,6.78%,28.34,15.33,23.93,24.25,"1,350,910","476,350",48.18M,38.95M,26.68%,23.30%,3.62M,6.10,N/A,3.27M,N/A,N/A,N/A,N/A,N/A,N/A,N/A,N/A,1:1,"Apr 22, 2005"
"Friday October 17, 2014"
"Friday October 17, 2014"
"Friday October 17, 2014","<span id=""yfs_j10_sbux"">55.21B</span>",55.42B,226.15,23.37,1.52,3.39,10.76,3.45,16.59,Sep 29,"Jun 29, 2014",1.54%,16.23%,16.78%,4.59%,16.08B,21.34,11.20%,8.51B,3.34B,248.30M,0.33,22.70%,1.20B,1.59,2.05B,40.39,1.16,6.75,737.10M,1.82B,1.03,-8.41%,6.78%,82.50,67.93,75.37,74.92,"3,857,680","4,982,400",751.20M,730.84M,2.53%,75.10%,6.07M,1.50,0.80%,6.15M,1.04,1.40%,1.04,1.40%,N/A,309.00%,"Aug 22, 2014","Aug 5, 2014",2:1,"Oct 24, 2005"
"Friday October 17, 2014"
"Friday October 17, 2014","<span id=""yfs_j10_stt"">28.48B</span>",-50.65B,14.63,12.59,1.90,2.81,1.37,-5.08,N/A,Dec 31,"Jun 30, 2014",20.86%,29.14%,0.82%,9.95%,9.96B,22.94,1.40%,N/A,N/A,2.03B,4.60,7.40%,112.13B,264.77,33.46B,N/A,N/A,48.16,233.00M,N/A,1.57,-5.13%,6.78%,76.78,62.67,72.24,68.63,"2,199,480","3,528,510",423.52M,419.57M,0.37%,89.40%,4.44M,2.20,1.00%,4.25M,1.20,1.80%,1.12,1.70%,1.10%,24.00%,"Oct 16, 2014","Sep 29, 2014",2:1,"May 31, 2001"
"Friday October 17, 2014","<span id=""yfs_j10_stl"">1.08B</span>",1.94B,54.56,N/A,N/A,5.17,1.15,9.15,N/A,Sep 30,"Jun 30, 2014",7.87%,33.46%,0.30%,2.33%,211.70M,3.01,112.80%,N/A,N/A,16.67M,0.24,135.40%,217.57M,2.60,1.06B,N/A,N/A,11.41,84.85M,N/A,1.54,17.52%,6.78%,13.52,10.84,12.85,12.19,"269,966","357,338",83.61M,80.15M,4.82%,75.40%,2.64M,11.00,3.30%,2.14M,0.28,2.10%,0.21,1.60%,2.80%,113.00%,"Aug 14, 2014","Jul 31, 2014",N/A,N/A
"Friday October 17, 2014","<span id=""yfs_j10_su"">48.81B</span>",54.10B,14.56,9.42,1.36,1.34,1.31,1.50,4.66,Dec 31,"Jun 30, 2014",9.37%,16.41%,5.31%,9.33%,36.13B,24.41,8.30%,19.76B,11.61B,3.39B,2.29,-69.00%,4.36B,2.97,10.14B,27.39,1.48,25.21,7.84B,2.18B,1.68,-10.01%,6.78%,43.49,31.07,37.14,39.04,"3,586,400","7,042,180",1.47B,1.46B,N/A,N/A,5.08M,1.50,N/A,6.59M,1.03,3.20%,0.87,2.60%,1.50%,34.00%,"Sep 25, 2014","Sep 2, 2014",2:1,"May 27, 2008"
"Friday October 17, 2014"
"Friday October 17, 2014"
"Friday October 17, 2014"
"Friday October 17, 2014"
"Friday October 17, 2014"
"Friday October 17, 2014","<span id=""yfs_j10_tgt"">37.59B</span>",51.05B,25.05,15.55,1.56,0.51,2.29,0.70,8.97,Feb 1,"Aug 2, 2014",2.07%,4.59%,4.74%,9.33%,73.23B,115.76,1.70%,21.44B,5.69B,1.51B,2.37,-61.70%,803.00M,1.27,14.19B,86.34,1.02,25.93,3.92B,1.41B,0.94,-8.09%,6.78%,67.25,54.66,61.93,59.87,"4,499,190","5,017,890",633.72M,600.27M,0.36%,88.10%,29.04M,7.30,4.60%,33.85M,2.08,3.40%,1.81,3.10%,2.20%,73.00%,"Dec 10, 2014","Nov 17, 2014",2:1,"Jul 20, 2000"
"Friday October 17, 2014","<span id=""yfs_j10_tcs"">833.88M</span>",1.18B,N/A,30.54,1.51,1.07,4.24,1.53,19.91,Mar 1,"Aug 30, 2014",1.58%,4.13%,2.59%,18.92%,771.80M,19.07,5.20%,439.78M,59.25M,-3.37M,-0.08,69.30%,15.30M,0.32,366.03M,187.17,1.29,4.08,52.61M,-220.86M,N/A,N/A,6.78%,47.07,15.49,20.99,25.23,"502,315","1,298,190",47.98M,16.70M,N/A,N/A,2.79M,7.30,16.80%,3.47M,N/A,N/A,N/A,N/A,N/A,N/A,N/A,N/A,N/A,N/A
"Friday October 17, 2014","<span id=""yfs_j10_td"">87.38B</span>",-15.00B,N/A,10.07,1.05,3.45,1.91,-0.61,N/A,Oct 31,"Jul 31, 2014",27.34%,34.07%,0.88%,14.67%,24.71B,13.45,8.50%,N/A,N/A,6.61B,N/A,38.90%,240.57B,130.63,140.35B,N/A,N/A,24.28,-38.82B,N/A,N/A,2.39%,6.78%,53.49,42.62,50.37,49.99,"1,190,080","1,749,840",1.84B,1.77B,N/A,N/A,3.27M,3.10,N/A,4.01M,N/A,N/A,1.69,3.70%,3.60%,45.00%,"Oct 31, 2014","Oct 1, 2014",2:1,"Feb 3, 2014"
"Friday October 17, 2014"
"Friday October 17, 2014","<span id=""yfs_j10_tef"">62.88B</span>",121.64B,11.53,10.20,-3.32,0.91,2.27,1.78,5.43,Dec 31,"Jun 30, 2014",8.19%,16.69%,4.74%,18.47%,68.51B,14.88,-11.50%,55.15B,22.41B,5.61B,1.22,4.90%,16.43B,3.67,75.49B,215.36,0.96,6.17,17.10B,3.38B,1.86,-21.14%,6.78%,18.05,13.76,15.38,16.16,"1,079,640","1,298,900",4.47B,4.46B,N/A,N/A,4.90M,5.00,N/A,4.58M,1.10,7.50%,1.03,7.30%,7.40%,47.00%,"May 19, 2014","May 2, 2014",3:1,"Jan 21, 2011"
"Friday October 17, 2014","<span id=""yfs_j10_tel"">21.99B</span>",22.84B,14.90,12.82,1.11,1.56,2.43,1.66,8.42,Sep 27,"Jun 27, 2014",10.93%,15.30%,7.12%,18.07%,13.77B,33.48,3.80%,4.33B,2.71B,1.51B,3.61,20.30%,1.61B,3.94,3.00B,33.91,1.78,21.58,1.93B,686.25M,1.70,-2.13%,6.78%,65.01,50.76,58.78,60.44,"2,154,400","3,382,390",409.26M,407.85M,0.18%,96.40%,2.42M,1.20,0.60%,2.44M,1.16,2.20%,1.08,2.10%,2.40%,29.00%,"Sep 12, 2014","Aug 27, 2014",N/A,N/A
"Friday October 17, 2014"
"Friday October 17, 2014"
"Friday October 17, 2014","<span id=""yfs_j10_tsco"">8.07B</span>",8.01B,24.03,19.82,1.41,1.49,6.38,1.49,12.38,Dec 28,"Jun 28, 2014",6.36%,9.99%,17.39%,28.46%,5.39B,38.71,8.80%,1.75B,646.75M,342.87M,2.44,8.00%,55.97M,0.41,3.20M,0.25,2.04,9.17,437.36M,228.96M,1.34,-12.89%,6.78%,78.17,55.95,61.53,63.60,"1,308,980","1,469,320",137.68M,136.81M,1.01%,89.00%,8.06M,5.70,5.80%,7.63M,0.64,1.10%,0.58,0.10%,N/A,23.00%,"Sep 3, 2014","Aug 14, 2014",2:1,"Sep 27, 2013"
"Friday October 17, 2014","<span id=""yfs_j10_teva"">43.69B</span>",54.24B,16.86,10.42,7.79,2.14,1.87,2.64,9.23,Dec 31,"Jun 30, 2014",12.58%,20.67%,5.63%,11.36%,20.54B,24.20,2.50%,10.71B,5.88B,2.58B,3.04,N/A,949.00M,1.11,11.17B,47.35,1.14,27.57,3.21B,3.07B,0.77,28.90%,6.78%,55.70,36.26,52.32,52.09,"3,747,540","4,350,510",853.70M,831.98M,N/A,N/A,5.07M,1.30,N/A,5.68M,1.20,2.40%,1.37,2.70%,1.80%,38.00%,"Sep 4, 2014","Aug 19, 2014",2:1,"Jul 1, 2004"
"Friday October 17, 2014","<span id=""yfs_j10_txn"">46.75B</span>",48.38B,21.14,16.06,1.81,3.71,4.45,3.86,10.84,Dec 31,"Jun 30, 2014",18.41%,26.15%,11.02%,21.45%,12.55B,11.58,8.00%,6.36B,4.46B,2.27B,2.07,3.50%,2.80B,2.63,4.65B,44.41,4.14,9.80,3.59B,3.03B,1.35,7.07%,6.78%,49.77,39.19,47.13,47.11,"6,458,250","13,593,800",1.07B,1.06B,0.06%,86.50%,18.84M,4.00,2.20%,19.17M,1.36,3.20%,1.20,2.80%,2.20%,56.00%,"Nov 17, 2014","Oct 29, 2014",2:1,"May 23, 2000"
"Friday October 17, 2014","<span id=""yfs_j10_cb"">22.28B</span>",23.38B,11.32,11.90,2.89,1.58,1.33,1.68,7.61,Dec 31,"Jun 30, 2014",14.82%,21.74%,3.68%,12.85%,13.88B,55.36,-0.10%,7.43B,3.07B,2.06B,8.18,-13.80%,1.90B,7.90,3.30B,20.00,0.82,68.60,1.94B,1.45B,0.90,-1.40%,6.78%,97.79,82.98,91.85,91.59,"1,069,980","1,590,380",240.48M,239.38M,0.29%,84.50%,4.97M,5.40,2.00%,5.30M,2.00,2.20%,1.94,2.10%,2.30%,23.00%,"Oct 7, 2014","Sep 17, 2014",2:1,"Apr 19, 2006"
"Friday October 17, 2014","<span id=""yfs_j10_ko"">188.02B</span>",205.30B,22.93,19.60,4.78,4.04,5.48,4.44,15.68,Dec 31,"Jun 27, 2014",18.11%,24.01%,7.50%,25.08%,46.22B,10.49,-1.40%,28.43B,13.09B,8.37B,1.87,-3.00%,21.61B,4.93,40.25B,117.34,1.04,7.77,11.06B,7.49B,0.51,9.75%,6.78%,44.87,36.89,42.46,41.17,"15,476,500","23,589,100",4.39B,3.96B,5.07%,61.60%,50.70M,3.40,1.30%,46.41M,1.22,2.80%,1.20,2.80%,2.80%,63.00%,"Oct 1, 2014","Sep 11, 2014",2:1,"Aug 13, 2012"
"Friday October 17, 2014","<span id=""yfs_j10_hd"">122.20B</span>",132.15B,21.72,17.46,1.19,1.48,10.44,1.64,11.44,Feb 2,"Aug 3, 2014",7.18%,12.12%,14.27%,43.02%,80.66B,58.54,5.70%,27.39B,11.56B,5.79B,4.18,14.20%,4.22B,3.13,16.74B,146.08,1.44,8.51,8.20B,6.53B,1.02,19.00%,6.78%,94.79,73.74,91.30,83.13,"6,805,480","7,736,540",1.35B,1.34B,0.11%,75.50%,10.86M,1.50,0.90%,12.38M,1.88,2.10%,1.80,2.00%,2.40%,41.00%,"Sep 18, 2014","Sep 2, 2014",3:2,"Dec 31, 1999"
"Friday October 17, 2014","<span id=""yfs_j10_so"">41.12B</span>",66.55B,N/A,16.05,4.96,2.30,2.14,3.69,10.36,Dec 31,"Jun 30, 2014",12.34%,22.61%,3.91%,11.22%,18.06B,20.36,5.20%,7.27B,6.42B,2.23B,N/A,105.70%,583.00M,0.65,24.52B,119.29,0.90,21.69,6.22B,-516.00M,N/A,10.56%,6.78%,47.68,40.03,44.26,44.16,"4,801,380","8,901,620",895.70M,895.02M,0.02%,35.70%,41.43M,10.10,4.70%,40.02M,N/A,N/A,2.06,4.50%,4.70%,82.00%,"Sep 6, 2014","Jul 31, 2014",2:1,"Mar 1, 1994"
"Friday October 17, 2014","<span id=""yfs_j10_trv"">31.47B</span>",33.45B,9.37,10.01,1.46,1.17,1.22,1.25,5.44,Dec 31,"Jun 30, 2014",13.45%,19.80%,3.19%,14.23%,26.66B,75.03,3.10%,12.88B,6.15B,3.56B,9.91,-26.20%,4.13B,12.18,6.35B,24.86,0.37,75.32,3.89B,9.34B,1.15,6.04%,6.78%,96.18,79.89,93.79,92.29,"1,977,040","2,929,200",339.04M,337.40M,0.21%,85.00%,10.20M,5.70,2.90%,11.00M,2.20,2.30%,2.10,2.30%,2.60%,21.00%,"Sep 30, 2014","Sep 8, 2014",2:1,"May 12, 1998"
"Friday October 17, 2014","<span id=""yfs_j10_tmo"">44.97B</span>",58.78B,29.27,14.42,1.30,2.94,2.12,3.95,17.71,Dec 31,"Jun 28, 2014",9.95%,13.58%,3.51%,8.13%,14.88B,39.28,33.40%,5.53B,3.32B,1.48B,3.85,0.40%,605.90M,1.52,15.58B,75.41,0.95,51.73,2.22B,2.16B,0.86,14.12%,6.78%,127.63,95.08,120.65,119.40,"1,665,910","2,582,290",399.35M,397.61M,0.16%,84.30%,3.15M,2.20,0.80%,3.16M,0.60,0.50%,0.60,0.60%,N/A,16.00%,"Oct 15, 2014","Sep 11, 2014",3:2,"Jun 6, 1996"
"Friday October 17, 2014","<span id=""yfs_j10_twx"">65.76B</span>",82.55B,16.35,16.60,1.20,2.11,2.50,2.70,9.99,Dec 31,"Jun 30, 2014",14.09%,24.15%,7.06%,15.44%,30.57B,34.12,2.70%,13.56B,8.26B,4.28B,4.70,10.20%,4.48B,5.24,22.56B,87.09,1.97,30.20,4.01B,11.66B,1.15,14.44%,6.78%,88.13,58.22,75.30,71.70,"7,183,150","8,666,050",854.84M,853.33M,0.07%,86.50%,7.82M,1.70,0.90%,12.05M,1.27,1.80%,1.20,1.60%,2.40%,26.00%,"Sep 15, 2014","Aug 27, 2014",1:3,"Mar 30, 2009"
"Friday October 17, 2014","<span id=""yfs_j10_tjx"">41.87B</span>",40.47B,19.91,16.97,1.66,1.47,9.66,1.44,10.10,Feb 1,"Aug 2, 2014",7.72%,12.17%,20.57%,53.59%,28.20B,40.09,7.40%,7.82B,4.01B,2.18B,3.04,7.90%,2.47B,3.56,1.62B,37.99,1.72,6.17,2.86B,2.01B,0.81,3.20%,6.78%,64.38,51.91,60.10,57.06,"4,018,870","4,946,580",692.94M,687.56M,0.67%,92.90%,5.85M,1.70,1.00%,6.19M,0.70,1.10%,0.64,1.10%,1.20%,20.00%,"Dec 4, 2014","Nov 10, 2014",2:1,"Feb 3, 2012"
"Friday October 17, 2014"
"Friday October 17, 2014"
"Friday October 17, 2014"
"Friday October 17, 2014"
"Friday October 17, 2014","<span id=""yfs_j10_trp"">33.26B</span>",55.18B,21.58,18.60,1.46,3.87,2.21,6.47,13.53,Dec 31,"Jun 30, 2014",18.81%,31.72%,3.63%,9.82%,8.53B,12.05,11.20%,5.76B,4.08B,1.53B,2.18,14.50%,500.93M,0.71,22.71B,125.27,0.54,21.03,3.73B,-1.21B,0.67,4.25%,6.78%,58.40,42.21,52.15,49.11,"1,727,970","3,113,110",708.00M,706.34M,N/A,N/A,2.69M,1.20,0.40%,5.10M,1.73,3.90%,1.74,3.70%,3.90%,80.00%,"Oct 31, 2014","Sep 26, 2014",N/A,N/A
"Friday October 17, 2014"
"Friday October 17, 2014","<span id=""yfs_j10_usb"">71.28B</span>",113.37B,13.10,11.93,1.83,3.95,1.86,6.36,N/A,Dec 31,"Jun 30, 2014",32.64%,45.00%,1.57%,13.79%,17.82B,9.78,6.80%,N/A,N/A,5.55B,3.02,0.70%,13.57B,7.53,55.49B,N/A,N/A,20.98,8.81B,N/A,0.72,3.11%,6.78%,43.92,37.22,41.66,41.87,"6,111,660","9,613,180",1.80B,1.80B,0.09%,72.10%,16.33M,2.70,0.90%,16.22M,0.98,2.50%,0.95,2.40%,1.60%,31.00%,"Oct 15, 2014","Sep 26, 2014",3:1,"May 19, 1998"
"Friday October 17, 2014"
"Friday October 17, 2014","<span id=""yfs_j10_ul"">114.27B</span>",123.60B,17.58,17.29,3.47,1.83,6.37,2.02,12.03,Dec 31,"Jun 30, 2014",10.81%,14.88%,9.19%,40.14%,61.16B,21.52,-5.50%,N/A,10.27B,6.61B,2.29,16.00%,5.26B,1.85,16.98B,92.86,0.73,6.18,7.50B,5.57B,0.88,-1.45%,6.78%,45.99,37.63,42.30,43.89,"932,625","1,231,440",2.84B,2.80B,N/A,N/A,2.54M,2.40,N/A,2.07M,1.52,3.80%,1.51,3.80%,N/A,61.00%,"Sep 10, 2014","Aug 6, 2014",9:5,"May 25, 2006"
"Friday October 17, 2014"
"Friday October 17, 2014","<span id=""yfs_j10_unp"">95.50B</span>",102.67B,20.74,16.68,1.40,4.08,4.36,4.49,10.45,Dec 31,"Jun 30, 2014",20.58%,34.94%,9.92%,22.42%,22.86B,25.05,10.00%,16.11B,9.82B,4.70B,5.13,16.70%,1.54B,1.71,10.84B,50.57,1.19,23.85,6.83B,2.73B,0.76,36.79%,6.78%,110.84,74.61,106.57,100.56,"3,383,200","6,194,720",897.43M,893.26M,0.30%,81.20%,5.14M,1.80,0.60%,6.75M,2.00,2.00%,1.81,1.70%,1.90%,33.00%,"Oct 1, 2014","Aug 27, 2014",2:1,"Jun 9, 2014"
"Friday October 17, 2014","<span id=""yfs_j10_utx"">93.06B</span>",105.89B,16.11,13.77,1.28,1.41,2.69,1.65,9.33,Dec 31,"Jun 30, 2014",9.02%,14.78%,6.55%,19.33%,64.16B,71.23,7.40%,17.30B,11.35B,5.76B,6.31,7.70%,4.96B,5.42,20.07B,56.80,1.22,36.93,7.30B,4.39B,1.17,-7.90%,6.78%,120.66,97.30,105.53,112.00,"4,312,020","6,068,360",914.81M,848.51M,0.10%,83.90%,6.72M,1.90,0.80%,6.50M,2.36,2.40%,2.36,2.40%,2.30%,37.00%,"Dec 10, 2014","Nov 12, 2014",2:1,"Jun 13, 2005"
"Friday October 17, 2014","<span id=""yfs_j10_unh"">84.98B</span>",91.46B,16.00,14.36,1.62,0.66,2.52,0.73,8.55,Dec 31,"Jun 30, 2014",4.37%,7.69%,7.31%,16.58%,126.02B,127.23,7.10%,33.20B,10.70B,5.50B,5.47,-1.90%,8.29B,8.53,16.78B,49.00,0.65,33.85,6.89B,6.05B,0.67,24.19%,6.78%,88.85,66.72,86.23,81.88,"3,736,070","5,601,740",971.62M,956.30M,1.48%,88.10%,18.17M,5.70,1.90%,18.60M,1.50,1.80%,1.31,1.50%,1.10%,22.00%,"Sep 23, 2014","Sep 10, 2014",2:1,"May 31, 2005"
"Friday October 17, 2014","<span id=""yfs_j10_ups"">88.96B</span>",94.66B,25.12,17.08,1.75,1.54,15.72,1.67,12.06,Dec 31,"Jun 30, 2014",6.42%,10.58%,10.45%,78.76%,56.54B,61.06,5.60%,41.74B,7.85B,3.63B,3.88,-57.60%,4.60B,5.03,11.90B,213.05,1.48,6.09,5.70B,3.63B,0.91,2.83%,6.78%,105.37,91.94,97.59,99.60,"2,955,920","3,672,160",913.50M,705.90M,0.04%,71.40%,7.79M,2.80,1.10%,7.91M,2.68,2.80%,2.63,2.80%,2.80%,66.00%,"Sep 3, 2014","Aug 14, 2014",N/A,N/A
"Friday October 17, 2014"
"Friday October 17, 2014","<span id=""yfs_j10_vz"">199.01B</span>",301.22B,10.36,12.42,2.09,1.60,13.26,2.44,5.94,Dec 31,"Jun 30, 2014",12.50%,27.53%,9.50%,46.15%,123.64B,37.16,5.70%,75.66B,50.67B,15.46B,4.64,87.60%,6.42B,1.55,110.04B,687.26,0.86,3.60,36.47B,28.29B,0.01,-4.68%,6.78%,53.66,45.45,49.35,49.07,"13,971,400","19,022,200",4.15B,4.14B,0.02%,57.10%,44.82M,3.40,1.10%,41.61M,2.20,4.60%,2.14,4.50%,5.20%,45.00%,"Nov 3, 2014","Oct 8, 2014",2:1,"Jun 30, 1998"
"Friday October 17, 2014","<span id=""yfs_j10_dg"">18.24B</span>",20.64B,18.23,14.99,1.14,0.98,3.50,1.14,9.94,Jan 31,"Aug 1, 2014",5.70%,9.59%,10.09%,20.01%,18.12B,57.89,7.50%,5.44B,2.08B,1.03B,3.30,2.40%,172.47M,0.57,2.99B,58.58,1.60,16.80,1.22B,853.04M,0.93,-0.20%,6.78%,65.99,53.00,62.12,58.66,"5,567,990","4,506,820",303.40M,302.24M,0.26%,102.50%,7.33M,1.80,2.40%,9.25M,N/A,N/A,N/A,N/A,N/A,N/A,N/A,N/A,N/A,N/A
"Friday October 17, 2014","<span id=""yfs_j10_viv"">22.09B</span>",23.01B,11.41,11.72,-9.88,1.50,1.18,1.59,5.48,Dec 31,"Jun 30, 2014",13.31%,16.62%,5.18%,10.58%,14.52B,12.92,1.50%,7.28B,4.19B,1.93B,1.72,118.00%,2.28B,2.03,3.47B,18.74,1.16,16.47,3.74B,834.11M,1.11,-11.80%,6.78%,23.04,17.78,20.78,20.39,"1,892,350","1,804,400",1.12B,292.51M,4.21%,11.40%,5.35M,2.60,N/A,5.46M,0.42,2.10%,1.10,5.70%,5.80%,75.00%,"Jun 3, 2014","Sep 2, 2014",N/A,N/A
"Friday October 17, 2014","<span id=""yfs_j10_vod"">80.02B</span>",102.47B,N/A,25.91,-1.50,1.29,0.70,1.68,6.86,Mar 31,"Mar 31, 2014",154.53%,8.14%,1.50%,15.68%,60.93B,23.02,-0.80%,21.18B,14.93B,17.71B,N/A,"1,623.70%",22.38B,8.46,46.40B,40.68,0.99,42.55,9.89B,2.34B,N/A,-20.84%,6.78%,42.14,28.63,32.79,34.15,"5,216,860","10,310,600",2.64B,2.58B,N/A,N/A,3.98M,0.80,N/A,4.29M,N/A,N/A,1.83,6.20%,6.60%,22.00%,"Aug 6, 2014","Jun 11, 2014",7:8,"Jul 31, 2006"
"Friday October 17, 2014","<span id=""yfs_j10_vod"">80.02B</span>",102.47B,0.85,25.91,-1.50,1.29,0.70,1.68,6.86,Mar 31,"Mar 31, 2014",154.53%,8.14%,1.50%,15.68%,60.93B,23.02,-0.80%,21.18B,14.93B,17.71B,35.67,"1,623.70%",22.38B,8.46,46.40B,40.68,0.99,42.55,9.89B,2.34B,0.71,-20.84%,6.78%,42.14,28.63,32.79,34.15,"5,216,860","10,310,600",2.64B,2.58B,N/A,N/A,3.98M,0.80,N/A,4.29M,2.47,8.10%,1.83,6.20%,6.60%,22.00%,"Aug 6, 2014","Jun 11, 2014",7:8,"Jul 31, 2006"
"Friday October 17, 2014"
"Friday October 17, 2014","<span id=""yfs_j10_wmt"">238.92B</span>",285.91B,15.21,13.90,2.65,0.50,3.06,0.60,8.04,Jan 31,"Jul 31, 2014",3.30%,5.53%,8.21%,20.27%,480.48B,148.32,2.80%,118.22B,35.58B,15.45B,4.87,0.60%,6.18B,1.92,54.21B,65.45,0.89,24.09,23.91B,10.00B,0.37,-2.50%,6.78%,81.37,72.27,76.51,76.45,"6,238,830","10,478,000",3.22B,1.57B,51.17%,30.40%,36.12M,6.30,2.30%,36.59M,1.92,2.50%,1.91,2.60%,2.30%,39.00%,"Jan 5, 2015","Dec 3, 2014",2:1,"Apr 20, 1999"
"Friday October 17, 2014","<span id=""yfs_j10_dis"">144.76B</span>",152.36B,20.25,18.00,1.16,2.92,3.05,3.18,11.15,Sep 28,"Jun 28, 2014",15.41%,23.76%,8.68%,16.76%,47.99B,27.31,7.70%,9.45B,13.66B,7.40B,4.16,21.50%,4.09B,2.38,16.14B,33.19,1.14,26.78,9.41B,6.59B,1.07,21.73%,6.78%,91.20,65.99,88.45,85.01,"6,259,860","10,916,900",1.72B,1.58B,7.31%,64.70%,38.05M,7.10,2.20%,38.35M,0.86,1.00%,0.86,1.10%,1.20%,21.00%,"Jan 16, 2014","Dec 12, 2013",3:1,"Jul 10, 1998"
"Friday October 17, 2014","<span id=""yfs_j10_wlp"">31.63B</span>",25.41B,15.27,12.44,1.28,0.43,1.26,0.35,5.04,Dec 31,"Jun 30, 2014",3.10%,6.18%,4.57%,9.75%,72.09B,250.10,4.40%,14.79B,5.04B,2.39B,7.55,-8.60%,22.02B,80.31,16.74B,68.69,1.69,88.81,4.13B,1.58B,0.50,29.57%,6.78%,124.58,81.84,118.63,109.52,"1,881,420","2,284,060",274.25M,273.48M,0.38%,88.40%,12.58M,7.10,4.60%,11.87M,1.75,1.50%,1.69,1.50%,N/A,21.00%,"Sep 25, 2014","Sep 8, 2014",2:1,"Jun 1, 2005"
"Friday October 17, 2014","<span id=""yfs_j10_wfc"">254.28B</span>",151.24B,12.04,11.51,1.24,3.05,1.52,1.84,N/A,Dec 31,"Sep 30, 2014",27.90%,43.90%,1.51%,13.38%,82.28B,15.65,2.20%,N/A,N/A,21.81B,4.05,2.70%,347.72B,66.68,247.51B,N/A,N/A,31.57,N/A,N/A,0.79,12.77%,6.78%,53.80,41.71,51.44,50.82,"14,256,200","24,837,300",5.22B,4.72B,0.06%,77.40%,27.71M,2.10,0.50%,27.09M,1.40,2.90%,1.30,2.70%,1.70%,32.00%,"Sep 1, 2014","Aug 6, 2014",2:1,"Aug 14, 2006"
"Friday October 17, 2014","<span id=""yfs_j10_wes"">8.31B</span>",10.35B,31.71,28.07,9.71,7.03,3.33,8.62,18.33,Dec 31,"Jun 30, 2014",21.18%,33.80%,5.72%,14.61%,1.20B,10.40,34.60%,520.55M,564.39M,254.23M,2.20,49.50%,110.63M,0.93,2.02B,75.40,1.27,21.25,496.63M,-298.60M,0.56,17.01%,6.78%,79.81,57.70,73.79,73.02,"180,192","374,675",119.07M,61.33M,45.12%,36.70%,972.61K,5.30,1.50%,1.01M,2.60,3.90%,2.46,3.50%,4.70%,107.00%,"Aug 13, 2014","Jul 29, 2014",N/A,N/A
"Friday October 17, 2014","<span id=""yfs_j10_wdc"">20.37B</span>",17.38B,13.03,9.82,1.53,1.32,2.26,1.15,5.58,Jun 27,"Jun 27, 2014",10.69%,12.38%,7.93%,19.33%,15.13B,64.38,-2.10%,4.36B,3.12B,1.62B,6.68,N/A,5.09B,21.74,2.44B,27.57,2.27,37.79,2.82B,1.58B,1.17,19.26%,6.78%,103.51,68.14,96.53,93.84,"1,762,620","2,299,780",234.01M,220.87M,10.98%,85.20%,3.07M,1.70,1.30%,3.65M,1.60,1.90%,1.40,1.60%,N/A,19.00%,"Oct 15, 2014","Oct 1, 2014",2:1,"Jun 4, 1997"
"Friday October 17, 2014","<span id=""yfs_j10_wbc"">5.53B</span>",5.19B,8.97,14.27,0.79,1.89,4.89,1.82,11.61,Dec 31,"Jun 30, 2014",22.39%,12.69%,10.45%,66.46%,2.86B,46.54,8.40%,809.10M,447.30M,640.70M,10.30,-9.90%,455.60M,7.62,226.90M,19.58,2.42,18.56,672.40M,182.84M,2.25,4.18%,6.78%,111.65,83.92,93.80,102.69,"560,203","888,575",59.79M,59.61M,0.43%,98.20%,1.05M,1.50,1.70%,780.53K,N/A,N/A,N/A,N/A,N/A,N/A,"Mar 20, 2009","Nov 28, 2008",N/A,N/A
"Friday October 17, 2014"
"Friday October 17, 2014"
"Friday October 17, 2014"
"Friday October 17, 2014","<span id=""yfs_j10_yhoo"">38.51B</span>",36.35B,33.47,31.29,2.99,8.20,2.99,7.87,47.04,Dec 31,"Jun 30, 2014",26.53%,7.29%,1.29%,9.31%,4.62B,4.57,-4.50%,3.33B,772.64M,1.23B,1.16,-18.60%,2.74B,2.76,1.18B,9.25,3.48,12.75,1.14B,1.34B,1.06,14.03%,6.78%,44.01,31.70,40.27,36.53,"33,485,400","33,218,200",994.60M,920.71M,13.16%,71.10%,60.95M,1.00,7.40%,40.90M,N/A,N/A,N/A,N/A,N/A,N/A,N/A,N/A,2:1,"May 12, 2004"
"Friday October 17, 2014","<span id=""yfs_j10_yum"">29.88B</span>",31.96B,21.33,18.11,1.50,2.20,11.80,2.37,10.91,Dec 28,"Sep 6, 2014",10.83%,16.20%,15.22%,59.34%,13.46B,30.18,-3.20%,3.58B,2.93B,1.46B,3.20,165.80%,1.01B,2.31,3.39B,130.07,0.98,5.73,2.20B,1.15B,0.86,1.41%,6.78%,83.58,64.08,71.28,75.15,"3,847,700","4,760,410",437.49M,435.66M,4.69%,78.60%,5.49M,2.20,1.20%,6.56M,1.64,2.40%,1.52,2.30%,2.10%,46.00%,"Nov 7, 2014","Oct 15, 2014",2:1,"Jun 27, 2007"
"Friday October 17, 2014"
"Friday October 17, 2014","<span id=""yfs_j10_blk"">53.31B</span>",55.06B,17.41,15.50,1.10,4.89,1.95,5.15,11.95,Dec 31,"Jun 30, 2014",29.31%,40.34%,1.27%,11.96%,10.70B,63.24,11.90%,9.97B,4.61B,3.14B,18.18,10.80%,29.94B,177.82,32.69B,120.78,1.25,159.66,2.84B,2.81B,1.26,2.99%,6.78%,337.65,284.78,325.12,314.43,"596,380","834,025",168.36M,163.95M,2.25%,93.00%,1.51M,2.70,1.20%,1.68M,7.72,2.50%,7.47,2.40%,2.30%,40.00%,"Sep 22, 2014","Aug 27, 2014",1:1,"Jun 5, 2007"
"Friday October 17, 2014"
"Friday October 17, 2014"
"Friday October 17, 2014"
"Friday October 17, 2014"
"Friday October 17, 2014"
"Friday October 17, 2014","<span id=""yfs_j10_cfr"">4.64B</span>",425.09M,18.68,16.36,1.73,4.96,1.75,0.46,N/A,Dec 31,"Jun 30, 2014",26.97%,34.70%,1.02%,9.64%,929.36M,15.29,9.80%,N/A,N/A,241.70M,3.94,11.40%,5.09B,80.87,909.19M,N/A,N/A,41.72,307.08M,N/A,0.63,2.65%,6.78%,81.73,69.82,77.57,77.51,"297,526","423,975",62.97M,53.30M,13.36%,83.50%,3.68M,12.50,7.40%,3.60M,2.04,2.70%,2.02,2.80%,3.20%,51.00%,"Sep 15, 2014","Aug 27, 2014",2:1,"Jun 23, 1999"
"Friday October 17, 2014","<span id=""yfs_j10_cpg"">14.19B</span>",16.15B,73.57,25.23,N/A,4.69,1.69,5.49,9.11,Dec 31,"Jun 30, 2014",6.11%,10.97%,1.68%,2.28%,2.94B,7.42,34.20%,2.15B,1.77B,179.90M,0.46,36.30%,30.47M,0.07,2.37B,29.14,0.42,19.33,2.01B,63.89M,1.43,-16.15%,6.78%,44.84,29.81,36.65,39.79,"103,488","223,025",422.08M,417.02M,N/A,N/A,1.47M,13.90,N/A,1.43M,2.48,8.00%,2.10,6.40%,N/A,761.00%,"Oct 15, 2014","Sep 26, 2014",N/A,N/A
"Friday October 17, 2014","<span id=""yfs_j10_dhr"">52.54B</span>",51.73B,20.24,18.46,1.64,2.66,2.19,2.64,12.04,Dec 31,"Jun 27, 2014",13.51%,17.27%,6.14%,11.97%,19.56B,27.97,4.80%,9.96B,4.30B,2.64B,3.71,9.70%,3.32B,4.74,3.07B,12.90,2.16,33.85,3.55B,2.49B,1.18,3.04%,6.78%,81.14,70.12,75.82,76.19,"3,391,790","5,125,180",700.68M,608.24M,13.63%,79.20%,5.83M,2.00,1.00%,5.99M,0.40,0.60%,0.33,0.40%,0.20%,7.00%,"Oct 31, 2014","Sep 24, 2014",2:1,"Jun 14, 2010"
"Friday October 17, 2014"
"Friday October 17, 2014"
"Friday October 17, 2014","<span id=""yfs_j10_glbz"">33.39M</span>",36.66M,14.20,N/A,N/A,2.33,0.99,2.55,N/A,Dec 31,"Jun 30, 2014",16.39%,20.33%,0.60%,7.19%,14.35M,5.22,-5.20%,N/A,N/A,2.35M,0.85,-32.00%,16.57M,6.01,20.00M,N/A,N/A,12.29,3.66M,N/A,0.21,5.67%,6.78%,13.50,11.00,12.20,12.49,888,138,2.76M,2.12M,34.22%,5.20%,14.00,0.00,N/A,912.00,0.40,3.30%,0.40,3.30%,4.20%,47.00%,"Oct 9, 2014","Sep 25, 2014",120:100,"Jan 10, 2008"
"Friday October 17, 2014"
"Friday October 17, 2014","<span id=""yfs_j10_itw"">33.13B</span>",34.85B,12.72,16.08,1.69,2.29,3.90,2.42,10.94,Dec 31,"Jun 30, 2014",19.60%,19.00%,8.74%,18.59%,14.41B,33.71,3.50%,5.58B,3.18B,1.74B,6.57,220.90%,5.30B,13.36,7.21B,85.43,2.50,21.27,2.41B,3.10B,1.12,7.30%,6.78%,89.58,76.25,85.70,85.83,"1,904,830","2,379,680",396.51M,382.16M,0.71%,80.30%,6.12M,3.20,1.80%,6.53M,1.94,2.40%,1.75,2.10%,2.50%,25.00%,"Oct 7, 2014","Sep 26, 2014",2:1,"May 26, 2006"
"Friday October 17, 2014"
"Friday October 17, 2014"
"Friday October 17, 2014"
"Friday October 17, 2014","<span id=""yfs_j10_lvs"">51.64B</span>",51.44B,19.86,17.04,1.33,3.47,6.83,3.47,10.17,Dec 31,"Sep 30, 2014",18.19%,26.78%,N/A,N/A,14.82B,18.28,-1.00%,6.25B,5.06B,2.70B,3.24,7.20%,N/A,N/A,N/A,118.77,N/A,9.37,N/A,N/A,2.08,-11.68%,6.78%,88.28,57.94,62.20,71.47,"6,073,970","7,575,790",803.06M,395.17M,51.61%,40.10%,22.17M,2.80,5.20%,21.14M,2.00,3.40%,1.85,2.90%,N/A,52.00%,"Sep 30, 2014","Sep 18, 2014",N/A,N/A
"Friday October 17, 2014"
"Friday October 17, 2014"
"Friday October 17, 2014","<span id=""yfs_j10_mfc"">33.22B</span>",23.86B,9.42,9.74,1.30,0.93,1.31,0.69,4.51,Dec 31,"Jun 30, 2014",10.24%,14.21%,0.67%,14.25%,34.47B,18.67,N/A,-3.24B,5.29B,3.49B,1.90,212.40%,22.18B,11.94,13.89B,51.10,83.89,13.23,7.34B,2.28B,1.76,-1.14%,6.78%,20.77,16.68,19.48,19.43,"1,564,810","2,260,050",1.86B,1.85B,N/A,N/A,6.30M,3.90,N/A,4.56M,0.57,3.20%,0.50,2.90%,3.40%,25.00%,"Sep 19, 2014","Aug 15, 2014",2:1,"Jun 5, 2006"
"Friday October 17, 2014","<span id=""yfs_j10_ma"">82.85B</span>",77.83B,25.87,20.03,1.44,9.22,13.11,8.75,14.91,Dec 31,"Jun 30, 2014",37.12%,55.42%,23.35%,49.51%,8.90B,7.49,13.40%,8.35B,5.22B,3.30B,2.77,9.80%,5.71B,4.93,1.49B,23.66,1.83,5.41,3.82B,3.61B,1.04,-0.92%,6.78%,84.75,68.68,74.71,74.98,"4,584,180","7,120,600",1.16B,1.16B,10.54%,82.00%,13.05M,2.90,1.30%,11.97M,0.44,0.60%,0.44,0.60%,0.30%,12.00%,"Nov 10, 2014","Oct 7, 2014",10:1,"Jan 22, 2014"
"Friday October 17, 2014","<span id=""yfs_j10_mcd"">89.32B</span>",100.05B,16.47,15.62,2.83,3.12,5.46,3.54,9.86,Dec 31,"Jun 30, 2014",19.48%,30.12%,14.75%,35.19%,28.30B,28.54,1.40%,10.90B,10.15B,5.51B,5.52,-0.70%,3.67B,3.74,15.43B,95.52,1.74,16.45,7.32B,4.12B,0.59,-0.65%,16.33%,103.78,89.34,93.82,97.89,"5,839,590","6,985,460",981.93M,981.04M,0.08%,64.60%,11.23M,1.60,1.10%,10.91M,3.40,3.70%,3.24,3.60%,3.30%,58.00%,"Dec 15, 2014","Nov 26, 2014",2:1,"Mar 8, 1999"
"Friday October 17, 2014"
"Friday October 17, 2014"
"Friday October 17, 2014"
"Friday October 17, 2014","<span id=""yfs_j10_orcl"">167.28B</span>",147.39B,15.78,11.40,1.35,4.32,3.52,3.83,8.76,May 31,"Aug 31, 2014",28.44%,39.22%,10.14%,23.82%,38.50B,8.58,2.70%,31.04B,16.83B,10.95B,2.39,-0.30%,51.62B,11.65,32.57B,67.95,4.35,10.67,15.36B,12.03B,1.35,14.16%,6.78%,43.19,32.44,39.72,40.61,"14,997,000","18,720,800",4.43B,3.31B,23.68%,61.50%,28.93M,1.50,0.90%,37.35M,0.48,1.20%,0.48,1.30%,0.90%,20.00%,"Oct 29, 2014","Oct 6, 2014",2:1,"Oct 13, 2000"
"Friday October 17, 2014"
"Friday October 17, 2014"
"Friday October 17, 2014"
"Friday October 17, 2014"
"Friday October 17, 2014","<span id=""yfs_j10_sdrl"">10.82B</span>",22.86B,2.69,7.04,1.34,2.24,1.06,4.76,9.46,Dec 31,"Jun 30, 2014",87.22%,37.27%,4.63%,46.74%,4.80B,10.25,-2.70%,3.05B,2.42B,4.19B,8.58,-65.00%,1.48B,3.15,13.58B,126.33,0.78,21.61,1.90B,-2.24B,1.71,-51.01%,6.78%,47.29,22.01,28.93,34.86,"6,757,950","10,882,400",468.89M,354.95M,N/A,N/A,25.74M,2.90,7.30%,26.16M,4.00,17.50%,3.93,17.10%,8.60%,45.00%,"Sep 18, 2014","Sep 4, 2014",N/A,N/A
"Friday October 17, 2014"
"Friday October 17, 2014"
"Friday October 17, 2014"
"Friday October 17, 2014"
"Friday October 17, 2014","<span id=""yfs_j10_tri"">28.64B</span>",35.90B,65.16,16.02,1.61,2.26,1.83,2.84,14.15,Dec 31,"Jun 30, 2014",3.56%,11.71%,2.89%,2.94%,12.65B,15.42,-0.10%,12.70B,2.54B,445.00M,0.55,0.40%,772.00M,0.96,8.12B,50.38,0.76,19.47,2.07B,1.72B,0.94,1.54%,6.78%,38.73,33.21,37.03,36.27,"725,606","1,062,710",803.69M,345.44M,55.03%,38.10%,12.25M,22.30,N/A,12.50M,1.32,3.70%,1.32,3.70%,3.90%,51.00%,"Sep 15, 2014","Aug 19, 2014",N/A,N/A
"Friday October 17, 2014","<span id=""yfs_j10_tyc"">17.85B</span>",16.54B,9.02,16.69,1.51,1.60,2.91,1.53,10.13,Sep 27,"Jun 27, 2014",19.34%,11.28%,6.19%,20.23%,10.82B,23.42,4.90%,3.88B,1.63B,1.09B,4.46,974.10%,2.19B,4.94,1.46B,24.22,1.76,13.37,993.00M,723.25M,1.11,8.26%,6.78%,46.64,34.78,43.54,43.61,"3,256,510","6,285,380",443.51M,441.42M,0.19%,89.50%,5.36M,1.70,1.20%,5.91M,0.72,1.80%,0.68,1.80%,3.60%,15.00%,"Nov 13, 2014","Oct 22, 2014",16:107,"Oct 1, 2012"
"Friday October 17, 2014","<span id=""yfs_j10_vtr"">19.35B</span>",28.99B,39.82,14.12,2.63,6.63,2.25,9.88,17.86,Dec 31,"Jun 30, 2014",16.57%,30.56%,2.91%,5.45%,2.93B,10.00,10.10%,1.69B,1.62B,491.84M,1.65,20.80%,86.64M,0.29,9.60B,107.89,1.22,29.40,1.28B,1.38B,0.39,0.93%,6.78%,69.09,54.89,63.52,64.45,"2,204,090","3,264,520",294.34M,292.54M,1.76%,101.50%,13.69M,5.50,5.30%,13.24M,2.90,4.40%,2.90,4.40%,4.40%,171.00%,"Sep 30, 2014","Sep 10, 2014",N/A,N/A
"Friday October 17, 2014","<span id=""yfs_j10_viab"">29.40B</span>",40.06B,12.80,11.29,1.03,2.15,6.97,2.98,9.20,Sep 30,"Jun 30, 2014",18.32%,30.73%,11.37%,44.52%,13.44B,30.25,-7.40%,N/A,4.36B,2.47B,5.43,-5.10%,1.58B,3.75,12.78B,290.41,1.69,9.78,2.41B,6.27B,0.76,-18.42%,6.78%,89.76,65.86,76.96,82.62,"2,671,450","3,551,150",423.03M,379.59M,0.48%,91.90%,5.99M,2.20,1.60%,5.50M,1.32,1.90%,1.26,1.90%,N/A,23.00%,"Oct 1, 2014","Sep 11, 2014",N/A,N/A
"Friday October 17, 2014","<span id=""yfs_j10_v"">129.57B</span>",123.47B,N/A,19.93,1.32,10.25,4.64,9.92,15.41,Sep 30,"Jun 30, 2014",44.65%,62.33%,13.29%,20.47%,12.45B,19.73,5.10%,9.85B,8.01B,5.54B,N/A,11.00%,4.06B,6.47,0.00,N/A,1.70,43.72,7.46B,5.26B,N/A,1.27%,6.78%,235.50,194.26,211.88,211.66,"2,542,380","3,350,940",628.26M,497.75M,0.10%,57.20%,15.05M,6.20,3.00%,15.81M,N/A,N/A,1.60,0.80%,0.70%,18.00%,"Sep 3, 2014","Aug 13, 2014",N/A,N/A
"Friday October 17, 2014"
"Friday October 17, 2014"
"Friday October 17, 2014","<span id=""yfs_j10_wag"">57.73B</span>",59.60B,30.19,13.74,1.18,0.76,2.81,0.78,12.18,Aug 31,"Aug 31, 2014",2.53%,4.68%,6.15%,10.15%,76.39B,80.15,6.20%,21.12B,4.89B,1.93B,2.00,N/A,2.65B,2.77,4.51B,21.94,1.38,21.51,3.89B,2.44B,1.05,9.75%,16.33%,76.39,54.86,61.41,67.28,"9,013,250","6,814,440",956.00M,880.72M,7.73%,63.30%,12.63M,1.60,1.40%,14.01M,1.35,2.20%,1.28,2.10%,2.60%,64.00%,"Dec 12, 2014","Nov 13, 2014",2:1,"Feb 16, 1999"
"Friday October 17, 2014"
"Friday October 17, 2014"
"Friday October 17, 2014"
